0 1157
0 3684
0 3730
0 3907
1 3353
1 4341
1 5100
1 9366
2 154
2 168
2 434
2 469
2 1426
2 1747
2 1953
2 2556
2 2887
2 3739
2 3755
2 3896
2 3901
2 4072
2 4100
2 4122
2 5241
2 5281
2 5335
2 5508
2 6199
2 6526
2 6545
2 6687
2 6701
2 6710
2 7482
2 7542
2 7913
2 8608
2 8734
3 93
3 1485
3 1892
3 1921
3 3588
3 3952
3 5047
3 7718
4 2561
4 4585
5 3569
5 9126
6 1806
6 1911
6 2535
6 3727
6 4180
6 4926
6 5067
6 5705
6 6593
6 7221
6 8798
7 410
7 3609
8 594
8 1139
8 2527
8 6974
8 7840
9 218
9 2296
9 3189
9 3979
9 5052
9 5371
9 5656
9 6970
9 7246
9 8804
10 137
10 7842
11 7521
11 7842
12 166
12 1148
12 2256
12 2587
12 2787
12 3119
12 3147
12 3531
12 5034
12 5080
12 5316
12 5668
12 7520
12 7521
12 7707
12 7842
12 7977
12 8963
12 9303
12 9374
13 444
13 7090
14 587
14 1475
14 1892
14 2908
14 7646
14 8948
15 1959
15 6468
16 511
16 1889
16 3614
16 6531
17 1756
17 1975
17 5680
18 457
18 467
19 3163
19 3521
19 8371
20 2638
20 5615
21 4507
21 5871
21 6072
22 373
22 437
22 5378
22 6639
23 6589
23 7821
23 8688
24 6642
24 6753
24 7521
25 4602
25 8832
26 237
26 483
26 503
26 1182
26 5064
26 5605
26 7127
27 1121
27 1539
27 4076
28 5314
28 6419
28 7781
29 447
29 632
29 3601
29 4653
29 6681
29 7646
29 7664
29 8677
30 1530
30 4712
30 7470
31 1433
31 1921
32 93
32 221
32 627
32 631
32 1343
32 1435
32 1485
32 1522
32 1540
32 2335
32 2519
32 2764
32 2917
32 2955
32 3014
32 3469
32 3535
32 3564
32 3588
32 3855
32 4097
32 4695
32 4723
32 5345
32 5618
32 6234
32 7097
32 7189
32 7556
32 7664
32 7764
32 7803
32 7839
32 8682
33 4124
33 8294
34 48
34 4152
34 4507
34 9079
35 74
35 5520
35 5742
36 99
36 3713
36 4144
36 4644
36 5001
36 5580
36 5751
36 7069
37 2349
37 4063
38 2937
38 4918
38 7560
39 46
39 535
39 5251
39 5258
39 5467
39 5604
40 5258
40 5467
41 2761
41 4963
41 5340
41 6554
41 7049
42 3563
42 9261
43 536
43 7488
44 1483
44 1529
44 2622
45 396
45 402
45 449
45 5670
46 39
46 5467
47 135
47 3202
48 34
48 1098
48 1470
48 4152
48 4507
48 4683
48 9079
49 636
49 4613
50 90
50 101
50 3932
50 4121
50 8636
50 9080
51 125
51 1903
51 3743
51 3953
51 4022
51 4024
51 4643
51 7124
51 8383
52 527
52 6261
53 543
53 1355
53 2352
53 3610
53 5023
53 6992
53 7478
54 530
54 3730
54 8263
55 6277
55 7672
56 2560
56 3766
56 7812
57 2361
57 3203
57 8679
58 2268
58 3835
58 4682
58 5484
58 5508
59 5335
59 5403
59 9297
59 9320
60 447
60 558
61 1084
61 2749
61 6631
62 5600
62 5630
63 701
63 7645
63 8828
64 596
64 5711
65 5310
65 8674
66 1344
66 2614
66 6306
66 7681
67 2583
67 5216
67 5248
67 5647
67 6180
68 2920
68 5530
68 7015
68 7063
69 1523
69 2768
70 289
70 1433
70 2856
71 307
71 5481
71 5601
71 7032
72 538
72 572
72 1332
72 1791
72 2366
72 2542
72 2646
72 2836
72 2904
72 4994
72 6754
72 6996
72 7703
72 8961
72 9307
73 5455
73 9258
74 35
74 5520
74 5742
75 5253
75 5338
75 6740
76 3242
76 3948
76 6597
77 175
77 7576
77 7681
78 526
78 1147
78 1402
78 2935
78 2945
78 6525
78 7710
79 3248
79 7174
80 532
80 2214
80 3528
80 3561
80 4181
80 4695
80 5751
81 563
81 6251
81 6459
81 7724
81 8724
82 1171
82 6446
83 1977
83 1978
83 3242
83 4065
83 5613
83 8710
84 3173
84 7029
84 7209
84 7794
85 2371
85 6598
86 532
86 4646
86 5656
86 7724
86 8940
87 3612
87 5381
87 5386
88 1258
88 1988
88 7610
88 8919
89 379
89 636
89 1137
89 6458
89 6750
90 50
90 3528
90 4121
90 4646
90 4695
90 5487
90 5656
90 5722
90 6234
90 6447
90 6453
90 7467
90 7541
90 7716
90 7724
90 7790
90 7803
90 7839
90 8758
91 1462
91 1464
91 1521
91 2659
91 4975
91 4976
91 4977
92 442
92 1119
92 5318
92 5646
92 5872
92 6408
92 7750
93 3
93 32
93 1485
93 3588
93 5047
94 8807
94 8817
95 1071
95 1537
95 2782
95 2968
95 4561
95 4655
95 5051
95 5399
95 5400
95 5513
95 8242
96 3310
96 4068
97 1859
97 2251
97 3290
97 5479
97 5516
97 6551
98 118
98 7023
98 7550
99 36
99 241
99 488
99 1516
99 1552
99 3287
99 4144
99 5580
99 6544
99 6903
99 8395
100 513
100 2591
100 2963
100 3159
100 3321
100 5693
100 7697
100 7765
100 8764
101 50
101 520
101 1099
101 1872
101 1976
101 2213
101 2350
101 2764
101 2947
101 3265
101 3932
101 4999
101 5276
101 6208
101 7139
101 7556
101 7739
101 8952
102 1475
102 1785
102 2579
102 3731
102 8948
103 1475
103 2579
103 8948
104 3188
104 3765
105 567
105 1385
105 2256
105 2531
105 5600
105 5703
106 2218
106 2331
106 3522
107 574
107 2227
108 1961
108 4055
108 4393
108 6214
109 4616
109 8639
110 4044
110 6687
111 4649
111 5695
112 2973
112 5299
113 1329
113 1458
113 2795
113 2931
113 2962
113 3597
113 3998
113 5063
113 6252
113 7071
114 4610
114 4611
114 6661
114 8780
115 576
115 1839
115 1896
115 2559
115 3536
115 3872
115 5520
116 2552
116 6234
116 6451
116 7166
116 7680
116 8726
116 9130
117 462
117 609
117 2367
117 2770
117 5026
117 5331
117 6550
117 7642
118 98
118 602
118 2540
118 2762
118 2798
118 3959
118 4908
118 4921
118 4955
118 5292
118 5296
118 6517
118 6584
118 7023
118 7549
118 7550
118 8349
118 8940
119 2881
119 6585
119 7171
119 8702
120 1068
120 1758
120 1842
120 3749
120 4091
120 6209
120 9076
121 294
121 422
121 1780
121 2975
121 3275
121 5282
121 5450
121 7040
121 7831
122 4084
122 5666
122 7097
122 7847
122 8937
123 5391
123 5751
124 1031
124 2642
124 3764
124 9338
125 51
125 395
125 2789
125 2790
125 3743
125 4643
125 5563
125 5622
125 6690
125 9353
126 1425
126 5286
126 6714
126 6905
126 8257
127 565
127 3534
128 3135
128 3777
128 3861
128 4647
128 5585
128 7527
128 8314
129 2660
129 5572
129 7151
130 5022
130 5296
130 5331
130 6703
130 7734
131 3527
131 3536
131 5270
131 8754
132 3232
132 9298
133 1070
133 1071
133 1145
133 2796
133 2915
133 3183
133 3968
133 4969
133 5032
133 5348
133 5697
133 6698
133 6745
133 8752
133 9245
134 520
134 1976
134 5618
134 5680
134 7255
135 47
135 1342
135 3202
135 3901
135 4699
135 5460
135 5461
135 5558
136 2900
136 5536
137 10
137 7842
138 398
138 3176
138 7013
139 4963
139 6554
140 1503
140 3271
140 5303
141 1167
141 3298
142 5296
142 5331
142 6703
143 1970
143 3713
143 4039
144 5549
144 5594
144 8229
145 148
145 1323
145 1506
145 1544
145 2347
145 3142
145 3764
145 6527
145 6535
145 6978
145 7605
145 7830
145 9306
146 3730
146 3907
146 7124
147 1103
147 4579
147 7191
148 145
148 4684
149 1498
149 9247
150 4707
150 7775
151 163
151 6623
152 474
152 2989
152 4566
152 5591
152 7224
153 4005
153 5027
154 2
154 582
154 5335
154 5508
154 6688
154 6701
155 622
155 3592
156 1858
156 4098
157 2594
157 2596
157 2603
157 2644
157 3157
157 4576
157 8369
158 332
158 1806
158 3719
158 3727
158 5446
158 7738
159 1110
159 2267
159 7759
160 1450
160 3174
160 7741
161 383
161 1892
161 2528
161 3783
161 7718
162 169
162 6221
162 6228
162 7813
162 7818
163 151
163 1961
163 2766
163 3983
163 4151
163 4382
163 5522
163 7062
163 8411
164 1892
164 3607
165 1892
165 3607
166 12
166 650
166 1892
166 2587
166 3531
166 3607
166 5316
166 5668
166 7521
166 7707
166 7718
166 7842
166 8963
166 9303
167 1146
167 8278
167 8680
167 8681
167 8684
168 2
168 3755
168 3896
168 4072
168 6526
169 162
169 7813
169 7818
170 1148
170 5448
171 198
171 2290
171 3852
171 6191
171 8258
171 9300
172 383
172 445
172 499
172 2528
172 3802
172 3966
172 5017
172 7720
172 8298
172 9134
173 1394
173 3713
174 1479
174 3734
175 77
175 7576
175 7681
176 1939
176 4132
176 5448
176 5451
177 1138
177 1189
177 1778
177 8637
178 1626
178 2333
178 6635
179 405
179 4729
179 7252
180 653
180 1490
180 1596
180 1819
180 3834
180 5077
181 644
181 1855
181 2786
181 2841
181 3594
181 3793
181 3855
181 4028
181 6678
181 6679
181 6735
181 6992
181 8734
182 1369
182 1774
182 1805
183 1406
183 7743
184 1857
184 4723
184 5671
184 6418
184 6683
184 9111
185 4588
185 5244
185 7454
186 1353
186 1816
187 1401
187 2554
187 2748
187 2884
187 3534
187 3575
187 7102
187 7657
187 8256
188 2862
188 2918
188 2941
188 8839
189 3254
189 6718
190 320
190 374
190 1478
190 1887
190 2618
190 2757
190 2972
190 3524
190 4977
190 7000
191 221
191 2335
191 4623
191 7540
192 197
192 642
192 1124
192 1386
192 1436
192 1846
192 2562
192 2900
192 3149
192 3941
192 5219
192 5464
192 6410
192 6707
192 6727
193 3844
193 3910
193 8689
194 3200
194 7100
194 7689
195 3780
195 6532
196 596
196 4910
197 192
197 8815
198 171
198 1507
198 2290
198 2809
198 3852
198 6191
198 8258
198 8688
199 204
199 480
199 2562
199 2575
199 3180
199 6181
199 6186
199 6227
199 6246
199 8722
200 2256
200 3565
200 7521
201 1926
201 3711
201 6549
202 561
202 2345
202 6998
203 435
203 2753
203 8842
204 199
204 2562
204 6227
204 8722
205 273
205 3966
205 5406
206 835
206 2389
207 632
207 3564
207 3565
207 7664
208 2874
208 3164
208 4648
208 7791
209 307
209 613
209 8366
209 8795
210 1959
210 5737
210 8831
211 1108
211 4986
212 2281
212 7488
213 2281
213 2350
213 2550
213 6450
213 6610
214 506
214 2559
214 2776
214 3562
214 3602
214 5520
214 6456
215 3851
215 6742
216 453
216 1506
216 4145
216 6692
216 7037
216 7505
216 8628
216 8634
217 379
217 396
217 402
217 1880
217 4694
217 7626
217 7629
218 9
218 3189
218 3874
218 3979
218 5052
218 5371
218 5656
218 6970
219 2517
219 3143
219 5597
220 321
220 2773
220 2925
220 2968
220 4006
220 4393
220 6214
220 6667
220 7134
221 32
221 191
221 299
221 528
221 638
221 1875
221 2293
221 2335
221 2968
221 3261
221 4623
221 4992
221 5585
221 6288
221 6451
221 7540
222 3289
222 7168
223 1534
223 5428
223 7527
224 1752
224 7088
224 8352
225 3214
225 7022
226 400
226 1313
226 1494
226 1602
226 2267
226 3249
226 4993
226 5397
226 6759
226 9245
227 332
227 1833
227 2557
227 5237
227 6970
228 279
228 379
228 396
228 402
228 439
228 440
228 603
228 634
228 1437
228 2853
228 3156
228 3552
228 3563
228 4694
228 5663
228 6261
228 7574
228 8732
228 8807
228 9297
229 2373
229 6551
229 7035
229 8711
229 9364
230 1438
230 2293
230 4091
230 6184
230 6644
231 2857
231 2969
231 7014
232 2641
232 3849
233 596
233 1484
233 2551
233 2879
233 3142
233 3831
233 4910
233 5711
234 7633
234 8243
234 9362
235 1872
235 2813
235 3846
235 4572
235 4655
235 5026
235 6433
235 7497
235 8375
235 8911
236 363
236 2517
236 4635
236 5259
236 7736
237 26
237 7127
238 528
238 1484
238 2318
238 2324
238 2879
238 3142
238 3533
238 3831
238 4154
238 4910
238 7132
238 7226
238 7730
239 489
239 638
239 1135
239 1160
239 4121
239 4623
239 5453
239 5602
239 6288
239 6414
239 9080
239 9121
240 1036
240 2161
