0 1157
0 3684
0 3730
0 3907
1 3353
1 4341
1 5100
1 9366
2 154
2 168
2 434
2 469
2 1426
2 1747
2 1953
2 2556
2 2887
2 3739
2 3755
2 3896
2 3901
2 4072
2 4100
2 4122
2 5241
2 5281
2 5335
2 5508
2 6199
2 6526
2 6545
2 6687
2 6701
2 6710
2 7482
2 7542
2 7913
2 8608
2 8734
3 93
3 1485
3 1892
3 1921
3 3588
3 3952
3 5047
3 7718
4 2561
4 4585
5 3569
5 9126
6 1806
6 1911
6 2535
6 3727
6 4180
6 4926
6 5067
6 5705
6 6593
6 7221
6 8798
7 410
7 3609
8 594
8 1139
8 2527
8 6974
8 7840
9 218
9 2296
9 3189
9 3979
9 5052
9 5371
9 5656
9 6970
9 7246
9 8804
10 137
10 7842
11 7521
11 7842
12 166
12 1148
12 2256
12 2587
12 2787
12 3119
12 3147
12 3531
12 5034
12 5080
12 5316
12 5668
12 7520
12 7521
12 7707
12 7842
12 7977
12 8963
12 9303
12 9374
13 444
13 7090
14 587
14 1475
14 1892
14 2908
14 7646
14 8948
15 1959
15 6468
16 511
16 1889
16 3614
16 6531
17 1756
17 1975
17 5680
18 457
18 467
19 3163
19 3521
19 8371
20 2638
20 5615
21 4507
21 5871
21 6072
22 373
22 437
22 5378
22 6639
23 6589
23 7821
23 8688
24 6642
24 6753
24 7521
25 4602
25 8832
26 237
26 483
26 503
26 1182
26 5064
26 5605
26 7127
27 1121
27 1539
27 4076
28 5314
28 6419
28 7781
29 447
29 632
29 3601
29 4653
29 6681
29 7646
29 7664
29 8677
30 1530
30 4712
30 7470
31 1433
31 1921
32 93
32 221
32 627
32 631
32 1343
32 1435
32 1485
32 1522
32 1540
32 2335
32 2519
32 2764
32 2917
32 2955
32 3014
32 3469
32 3535
32 3564
32 3588
32 3855
32 4097
32 4695
32 4723
32 5345
32 5618
32 6234
32 7097
32 7189
32 7556
32 7664
32 7764
32 7803
32 7839
32 8682
33 4124
33 8294
34 48
34 4152
34 4507
34 9079
35 74
35 5520
35 5742
36 99
36 3713
36 4144
36 4644
36 5001
36 5580
36 5751
36 7069
37 2349
37 4063
38 2937
38 4918
38 7560
39 46
39 535
39 5251
39 5258
39 5467
39 5604
40 5258
40 5467
41 2761
41 4963
41 5340
41 6554
41 7049
42 3563
42 9261
43 536
43 7488
44 1483
44 1529
44 2622
45 396
45 402
45 449
45 5670
46 39
46 5467
47 135
47 3202
48 34
48 1098
48 1470
48 4152
48 4507
48 4683
48 9079
49 636
49 4613
50 90
50 101
50 3932
50 4121
50 8636
50 9080
51 125
51 1903
51 3743
51 3953
51 4022
51 4024
51 4643
51 7124
51 8383
52 527
52 6261
53 543
53 1355
53 2352
53 3610
53 5023
53 6992
53 7478
54 530
54 3730
54 8263
55 6277
55 7672
56 2560
56 3766
56 7812
57 2361
57 3203
57 8679
58 2268
58 3835
58 4682
58 5484
58 5508
59 5335
59 5403
59 9297
59 9320
60 447
60 558
61 1084
61 2749
61 6631
62 5600
62 5630
63 701
63 7645
63 8828
64 596
64 5711
65 5310
65 8674
66 1344
66 2614
66 6306
66 7681
67 2583
67 5216
67 5248
67 5647
67 6180
68 2920
68 5530
68 7015
68 7063
69 1523
69 2768
70 289
70 1433
70 2856
71 307
71 5481
71 5601
71 7032
72 538
72 572
72 1332
72 1791
72 2366
72 2542
72 2646
72 2836
72 2904
72 4994
72 6754
72 6996
72 7703
72 8961
72 9307
73 5455
73 9258
74 35
74 5520
74 5742
75 5253
75 5338
75 6740
76 3242
76 3948
76 6597
77 175
77 7576
77 7681
78 526
78 1147
78 1402
78 2935
78 2945
78 6525
78 7710
79 3248
79 7174
80 532
80 2214
80 3528
80 3561
80 4181
80 4695
80 5751
81 563
81 6251
81 6459
81 7724
81 8724
82 1171
82 6446
83 1977
83 1978
83 3242
83 4065
83 5613
83 8710
84 3173
84 7029
84 7209
84 7794
85 2371
85 6598
86 532
86 4646
86 5656
86 7724
86 8940
87 3612
87 5381
87 5386
88 1258
88 1988
88 7610
88 8919
89 379
89 636
89 1137
89 6458
89 6750
90 50
90 3528
90 4121
90 4646
90 4695
90 5487
90 5656
90 5722
90 6234
90 6447
90 6453
90 7467
90 7541
90 7716
90 7724
90 7790
90 7803
90 7839
90 8758
91 1462
91 1464
91 1521
91 2659
91 4975
91 4976
91 4977
92 442
92 1119
92 5318
92 5646
92 5872
92 6408
92 7750
93 3
93 32
93 1485
93 3588
93 5047
94 8807
94 8817
95 1071
95 1537
95 2782
95 2968
95 4561
95 4655
95 5051
95 5399
95 5400
95 5513
95 8242
96 3310
96 4068
97 1859
97 2251
97 3290
97 5479
97 5516
97 6551
98 118
98 7023
98 7550
99 36
99 241
99 488
99 1516
99 1552
99 3287
99 4144
99 5580
99 6544
99 6903
99 8395
100 513
100 2591
100 2963
100 3159
100 3321
100 5693
100 7697
100 7765
100 8764
101 50
101 520
101 1099
101 1872
101 1976
101 2213
101 2350
101 2764
101 2947
101 3265
101 3932
101 4999
101 5276
101 6208
101 7139
101 7556
101 7739
101 8952
102 1475
102 1785
102 2579
102 3731
102 8948
103 1475
103 2579
103 8948
104 3188
104 3765
105 567
105 1385
105 2256
105 2531
105 5600
105 5703
106 2218
106 2331
106 3522
107 574
107 2227
108 1961
108 4055
108 4393
108 6214
109 4616
109 8639
110 4044
110 6687
111 4649
111 5695
112 2973
112 5299
113 1329
113 1458
113 2795
113 2931
113 2962
113 3597
113 3998
113 5063
113 6252
113 7071
114 4610
114 4611
114 6661
114 8780
115 576
115 1839
115 1896
115 2559
115 3536
115 3872
115 5520
116 2552
116 6234
116 6451
116 7166
116 7680
116 8726
116 9130
117 462
117 609
117 2367
117 2770
117 5026
117 5331
117 6550
117 7642
118 98
118 602
118 2540
118 2762
118 2798
118 3959
118 4908
118 4921
118 4955
118 5292
118 5296
118 6517
118 6584
118 7023
118 7549
118 7550
118 8349
118 8940
119 2881
119 6585
119 7171
119 8702
120 1068
120 1758
120 1842
120 3749
120 4091
120 6209
120 9076
121 294
121 422
121 1780
121 2975
121 3275
121 5282
121 5450
121 7040
121 7831
122 4084
122 5666
122 7097
122 7847
122 8937
123 5391
123 5751
124 1031
124 2642
124 3764
124 9338
125 51
125 395
125 2789
125 2790
125 3743
125 4643
125 5563
125 5622
125 6690
125 9353
126 1425
126 5286
126 6714
126 6905
126 8257
127 565
127 3534
128 3135
128 3777
128 3861
128 4647
128 5585
128 7527
128 8314
129 2660
129 5572
129 7151
130 5022
130 5296
130 5331
130 6703
130 7734
131 3527
131 3536
131 5270
131 8754
132 3232
132 9298
133 1070
133 1071
133 1145
133 2796
133 2915
133 3183
133 3968
133 4969
133 5032
133 5348
133 5697
133 6698
133 6745
133 8752
133 9245
134 520
134 1976
134 5618
134 5680
134 7255
135 47
135 1342
135 3202
135 3901
135 4699
135 5460
135 5461
135 5558
136 2900
136 5536
137 10
137 7842
138 398
138 3176
138 7013
139 4963
139 6554
140 1503
140 3271
140 5303
141 1167
141 3298
142 5296
142 5331
142 6703
143 1970
143 3713
143 4039
144 5549
144 5594
144 8229
145 148
145 1323
145 1506
145 1544
145 2347
145 3142
145 3764
145 6527
145 6535
145 6978
145 7605
145 7830
145 9306
146 3730
146 3907
146 7124
147 1103
147 4579
147 7191
148 145
148 4684
149 1498
149 9247
150 4707
150 7775
151 163
151 6623
152 474
152 2989
152 4566
152 5591
152 7224
153 4005
153 5027
154 2
154 582
154 5335
154 5508
154 6688
154 6701
155 622
155 3592
156 1858
156 4098
157 2594
157 2596
157 2603
157 2644
157 3157
157 4576
157 8369
158 332
158 1806
158 3719
158 3727
158 5446
158 7738
159 1110
159 2267
159 7759
160 1450
160 3174
160 7741
161 383
161 1892
161 2528
161 3783
161 7718
162 169
162 6221
162 6228
162 7813
162 7818
163 151
163 1961
163 2766
163 3983
163 4151
163 4382
163 5522
163 7062
163 8411
164 1892
164 3607
165 1892
165 3607
166 12
166 650
166 1892
166 2587
166 3531
166 3607
166 5316
166 5668
166 7521
166 7707
166 7718
166 7842
166 8963
166 9303
167 1146
167 8278
167 8680
167 8681
167 8684
168 2
168 3755
168 3896
168 4072
168 6526
169 162
169 7813
169 7818
170 1148
170 5448
171 198
171 2290
171 3852
171 6191
171 8258
171 9300
172 383
172 445
172 499
172 2528
172 3802
172 3966
172 5017
172 7720
172 8298
172 9134
173 1394
173 3713
174 1479
174 3734
175 77
175 7576
175 7681
176 1939
176 4132
176 5448
176 5451
177 1138
177 1189
177 1778
177 8637
178 1626
178 2333
178 6635
179 405
179 4729
179 7252
180 653
180 1490
180 1596
180 1819
180 3834
180 5077
181 644
181 1855
181 2786
181 2841
181 3594
181 3793
181 3855
181 4028
181 6678
181 6679
181 6735
181 6992
181 8734
182 1369
182 1774
182 1805
183 1406
183 7743
184 1857
184 4723
184 5671
184 6418
184 6683
184 9111
185 4588
185 5244
185 7454
186 1353
186 1816
187 1401
187 2554
187 2748
187 2884
187 3534
187 3575
187 7102
187 7657
187 8256
188 2862
188 2918
188 2941
188 8839
189 3254
189 6718
190 320
190 374
190 1478
190 1887
190 2618
190 2757
190 2972
190 3524
190 4977
190 7000
191 221
191 2335
191 4623
191 7540
192 197
192 642
192 1124
192 1386
192 1436
192 1846
192 2562
192 2900
192 3149
192 3941
192 5219
192 5464
192 6410
192 6707
192 6727
193 3844
193 3910
193 8689
194 3200
194 7100
194 7689
195 3780
195 6532
196 596
196 4910
197 192
197 8815
198 171
198 1507
198 2290
198 2809
198 3852
198 6191
198 8258
198 8688
199 204
199 480
199 2562
199 2575
199 3180
199 6181
199 6186
199 6227
199 6246
199 8722
200 2256
200 3565
200 7521
201 1926
201 3711
201 6549
202 561
202 2345
202 6998
203 435
203 2753
203 8842
204 199
204 2562
204 6227
204 8722
205 273
205 3966
205 5406
206 835
206 2389
207 632
207 3564
207 3565
207 7664
208 2874
208 3164
208 4648
208 7791
209 307
209 613
209 8366
209 8795
210 1959
210 5737
210 8831
211 1108
211 4986
212 2281
212 7488
213 2281
213 2350
213 2550
213 6450
213 6610
214 506
214 2559
214 2776
214 3562
214 3602
214 5520
214 6456
215 3851
215 6742
216 453
216 1506
216 4145
216 6692
216 7037
216 7505
216 8628
216 8634
217 379
217 396
217 402
217 1880
217 4694
217 7626
217 7629
218 9
218 3189
218 3874
218 3979
218 5052
218 5371
218 5656
218 6970
219 2517
219 3143
219 5597
220 321
220 2773
220 2925
220 2968
220 4006
220 4393
220 6214
220 6667
220 7134
221 32
221 191
221 299
221 528
221 638
221 1875
221 2293
221 2335
221 2968
221 3261
221 4623
221 4992
221 5585
221 6288
221 6451
221 7540
222 3289
222 7168
223 1534
223 5428
223 7527
224 1752
224 7088
224 8352
225 3214
225 7022
226 400
226 1313
226 1494
226 1602
226 2267
226 3249
226 4993
226 5397
226 6759
226 9245
227 332
227 1833
227 2557
227 5237
227 6970
228 279
228 379
228 396
228 402
228 439
228 440
228 603
228 634
228 1437
228 2853
228 3156
228 3552
228 3563
228 4694
228 5663
228 6261
228 7574
228 8732
228 8807
228 9297
229 2373
229 6551
229 7035
229 8711
229 9364
230 1438
230 2293
230 4091
230 6184
230 6644
231 2857
231 2969
231 7014
232 2641
232 3849
233 596
233 1484
233 2551
233 2879
233 3142
233 3831
233 4910
233 5711
234 7633
234 8243
234 9362
235 1872
235 2813
235 3846
235 4572
235 4655
235 5026
235 6433
235 7497
235 8375
235 8911
236 363
236 2517
236 4635
236 5259
236 7736
237 26
237 7127
238 528
238 1484
238 2318
238 2324
238 2879
238 3142
238 3533
238 3831
238 4154
238 4910
238 7132
238 7226
238 7730
239 489
239 638
239 1135
239 1160
239 4121
239 4623
239 5453
239 5602
239 6288
239 6414
239 9080
239 9121
240 1036
240 2161
240 4050
240 4603
240 5025
240 7087
240 7270
240 7283
240 8397
240 8942
241 99
241 488
241 6452
241 8395
242 3588
242 3988
242 7764
243 6734
243 7193
244 1400
244 1427
244 2804
244 4939
245 2942
245 8708
246 1782
246 2900
246 2990
246 3587
246 4197
246 4619
246 4987
246 6704
246 7000
246 7083
246 8921
247 3323
247 3740
247 6970
248 1487
248 7704
249 1140
249 2643
249 5438
249 5539
250 2507
250 3741
250 5735
250 6466
250 6471
250 6685
250 7032
250 8689
251 403
251 5376
251 6230
252 3903
252 8753
253 2547
253 3183
253 3203
254 3527
254 8754
255 599
255 1140
255 1745
255 2643
255 5246
255 5438
255 5539
255 8736
256 3609
256 3615
256 4684
257 1958
257 8794
257 9259
258 5475
258 6702
258 7732
259 1313
259 1544
259 1769
259 4080
259 5218
259 7044
260 3976
260 4015
261 1543
261 2222
261 2243
261 2862
261 2973
261 3592
261 5039
261 5299
261 5610
261 7516
261 7522
261 7835
261 8374
262 3200
262 5263
263 2246
263 4703
263 6280
263 7211
264 1504
264 2125
265 267
265 1357
265 2543
265 3722
265 3723
265 3761
265 3773
265 3774
265 3775
265 3984
265 4153
265 4190
265 4669
265 6521
265 7208
265 8236
266 3169
266 3738
266 4075
266 8219
266 8240
267 265
267 1720
267 3723
267 3775
267 3972
267 5424
267 6236
267 6805
268 4984
268 6465
268 8841
269 6441
269 7814
270 7211
270 7719
271 1385
271 5703
272 631
272 1031
272 1314
272 2641
272 3254
272 3849
272 3966
272 4077
272 4403
272 4942
272 4951
272 5406
272 7816
272 8791
272 8808
273 205
273 624
273 631
273 3254
273 3966
273 5406
273 5861
273 8791
273 8876
274 278
274 4048
275 3925
275 6902
275 8779
276 4561
276 5552
277 4147
277 6429
277 8241
278 274
278 3735
278 3951
278 4046
278 4048
278 4093
278 5525
278 7232
278 7253
278 8404
278 9097
279 228
279 1162
279 1421
279 1540
279 5290
279 8308
279 8337
279 8813
280 4590
280 8219
281 512
281 2748
281 4652
281 7487
281 8827
282 4006
282 7095
283 1783
283 4098
283 4973
283 5570
283 9298
284 6620
284 6777
284 7207
285 2932
285 7162
286 1856
286 3246
286 3286
286 8620
287 1193
287 3250
288 1328
288 2778
288 3776
288 3835
288 5661
289 70
289 1433
290 1084
290 1356
290 2749
291 1084
291 1356
291 2749
292 1828
292 5289
292 7786
293 2281
293 3529
293 7811
294 121
294 422
294 1975
294 6426
294 7764
295 3985
295 8260
296 2270
296 4377
296 6517
296 7143
296 7729
296 8229
296 8926
297 5546
297 8324
297 8382
298 2347
298 6279
298 6717
298 6733
298 7525
298 9138
299 221
299 638
299 1756
299 2262
299 2264
299 2293
299 2854
299 2981
299 3261
299 3528
299 3855
299 4003
299 4023
299 4593
299 4695
299 4705
299 5266
299 6567
299 6624
299 7550
299 7553
299 7776
300 2887
300 3771
300 4076
301 504
301 599
302 1506
302 2539
302 3272
302 8628
303 4671
303 6267
304 3862
304 6244
305 1338
305 6614
305 6921
306 622
306 3800
306 6519
307 71
307 209
307 613
307 5601
307 8366
308 1520
308 4078
308 5665
309 1116
309 1144
309 1540
309 1886
309 2375
309 2793
309 6308
309 6536
309 6660
309 7214
309 7588
309 7623
309 7766
309 7803
309 7839
309 7853
309 7854
309 8407
309 8940
310 2844
310 4128
311 2847
311 4128
312 3928
312 5335
312 5700
313 527
313 1889
313 4569
314 2537
314 2900
315 544
315 1167
315 5663
315 6633
315 6719
316 3728
316 3730
316 4658
316 6603
316 6683
316 6908
316 7182
316 8624
317 1157
317 1860
317 2959
317 3907
317 4042
317 4133
317 4183
317 7489
317 9299
318 1159
318 8935
319 1762
319 3816
319 4638
320 190
320 1887
320 7000
320 7620
320 7627
321 220
321 6667
322 2835
322 4128
322 4142
322 4578
322 4686
322 5551
322 5679
322 8323
322 8380
322 8733
322 9145
322 9152
322 9315
323 1452
323 5041
324 1959
324 3854
324 4950
324 5043
324 5323
324 6976
324 7101
324 8712
325 1143
325 5459
325 6542
325 8780
326 1143
326 4015
326 6990
327 638
327 2523
327 4992
327 5575
327 6980
328 3608
328 5312
329 1851
329 6471
330 426
330 1479
330 3144
330 3214
330 3328
330 5337
330 6128
330 6281
330 6282
330 6285
330 7153
330 7583
330 7674
330 8734
330 8794
330 9140
331 3714
331 5056
331 5238
331 8724
332 158
332 227
332 2557
332 3719
332 5237
333 1892
333 3564
334 569
334 7238
335 3526
335 4573
336 1540
336 2312
336 2349
336 6240
336 6261
336 7531
336 7616
337 357
337 615
337 1111
337 1540
337 1772
337 1915
337 2813
337 2900
337 3279
337 5262
337 5536
337 6267
337 7106
337 7577
337 7629
337 7731
337 7786
338 1772
338 2592
338 2900
338 3279
338 7658
338 7768
339 644
339 1749
339 2279
339 8790
340 345
340 2931
340 3518
340 3586
340 4991
340 4992
340 5022
340 5292
340 5296
340 5387
340 6563
340 6584
340 6664
340 6730
340 6732
340 7013
340 7140
340 7141
340 7206
340 7467
340 7777
341 1775
341 5616
341 7632
342 649
342 1892
342 5554
342 8735
343 5226
343 7050
344 373
344 3552
344 3561
344 3621
344 4186
344 6412
345 340
345 2615
345 4954
345 4991
345 5296
345 5387
345 6563
345 7152
345 7177
346 5051
346 5086
346 5216
346 5400
346 5528
347 1246
347 2218
347 2238
347 2412
347 4607
347 8929
347 8960
348 3598
348 5010
348 7628
348 8784
349 1462
349 3709
350 2346
350 4121
350 7839
350 9102
351 1366
351 2263
351 2511
351 3552
351 4961
351 4967
351 5480
351 7089
352 569
352 7238
353 505
353 4157
353 5382
354 603
354 2897
354 4927
354 5663
354 6261
354 7782
354 9063
354 9253
355 1069
355 1199
355 1740
355 1767
355 2966
355 7804
355 8911
356 1369
356 1498
356 1774
356 4038
356 6626
356 7043
357 337
357 2900
358 2260
358 3866
358 4675
358 7002
359 1552
359 1867
359 2854
359 5358
359 6660
359 7072
360 1525
360 8940
361 5178
361 6622
361 7267
362 3901
362 7667
363 236
363 533
363 1848
363 2517
363 4635
363 5415
363 5592
363 6987
363 7736
363 8364
363 8759
364 412
364 6475
365 3565
365 3766
366 2336
366 3723
366 3774
366 3775
366 3984
366 6755
367 3552
367 3588
367 7574
367 7764
367 8242
368 564
368 1109
368 1139
368 3617
368 3843
368 3851
368 5223
368 6543
368 7590
369 7473
369 9247
370 1769
370 2363
370 5738
371 2882
371 7819
372 443
372 2216
372 4958
372 5444
372 7196
372 7529
372 7779
373 22
373 344
373 1495
373 3552
373 3561
373 3627
373 4186
373 5443
373 6296
373 6556
374 190
374 1765
374 2618
374 2757
374 2972
374 3186
374 4057
374 4977
374 7192
374 7555
375 2952
375 2971
376 2370
376 2648
376 9254
377 3560
377 3841
377 5614
377 6439
378 1812
378 2330
378 2621
379 89
379 217
379 228
379 396
379 402
379 440
379 634
379 636
379 1193
379 3309
379 3563
379 5520
379 5554
379 6458
379 6750
379 7626
379 7731
379 8807
380 4127
380 4580
380 6259
380 7104
380 8376
381 1349
381 1368
381 1825
381 2762
381 3730
381 5329
381 5520
381 5549
381 8610
382 1328
382 5065
382 5585
382 5661
382 7223
382 7550
383 161
383 172
383 2528
383 3783
383 3802
383 8298
384 445
384 6266
385 577
385 2830
385 6728
386 1975
386 2248
386 5060
386 7517
387 1826
387 5027
387 7049
388 1426
388 2645
388 2968
388 6970
388 7036
389 1031
389 3212
389 4006
389 7139
389 7147
390 1351
390 2242
390 2556
390 2969
391 461
391 5073
392 4999
392 5028
392 8950
393 2812
393 3562
393 8744
393 8767
394 1171
394 3793
394 4028
394 5542
394 6254
395 125
395 581
395 2789
395 2790
395 5563
395 5622
395 6690
395 9353
396 45
396 217
396 228
396 379
396 402
396 636
396 646
396 1880
396 2943
396 3309
396 3563
396 4959
396 5084
396 5554
396 7574
396 7626
396 7629
396 7731
397 5004
397 5468
398 138
398 2612
398 3176
398 5268
398 5603
398 7013
399 3552
399 6214
399 7089
400 226
400 5397
400 6759
401 1157
401 4670
401 6537
401 7118
401 8231
401 8350
402 45
402 217
402 228
402 379
402 396
402 636
402 1880
402 2514
402 2943
402 2976
402 3200
402 3309
402 3552
402 3563
402 3870
402 4694
402 5084
402 5254
402 5357
402 5520
402 5554
402 5752
402 6309
402 6761
402 7626
402 7629
402 7731
402 8363
403 251
403 406
403 5376
403 5739
403 6230
404 3205
404 3217
404 3378
404 3983
404 4046
404 6268
404 7164
405 179
405 4729
405 7252
406 403
406 5376
406 5739
406 6230
407 1940
407 1942
407 5245
407 5725
407 6658
408 515
408 547
408 596
408 1601
408 1761
408 3827
408 7237
408 8698
409 2911
409 3711
409 3918
409 5339
409 7535
409 7614
409 8771
410 7
410 3609
411 1109
411 1525
411 2335
411 3717
411 3851
411 4155
411 4690
411 5054
411 5479
411 6294
411 6414
411 7839
411 8412
411 8629
411 9159
412 364
412 1407
412 2939
412 4990
412 6475
412 7483
412 7592
412 8775
412 8776
412 9193
413 2511
413 2561
413 3146
413 4585
414 7252
414 8697
415 516
415 6182
416 516
416 6182
416 7535
417 6456
417 8700
418 1764
418 2559
418 4925
419 3315
419 6143
419 8390
420 5455
420 7731
420 8315
420 8824
421 3826
421 5059
422 121
422 294
422 2605
423 2337
423 3211
423 5700
423 6445
423 6603
423 7139
423 8776
423 8825
424 1340
424 2564
424 4176
424 5439
425 3552
425 7899
426 330
426 3214
426 3546
426 3816
426 6612
427 501
427 5513
427 6980
428 3259
428 9308
429 4708
429 5483
429 7666
430 1505
430 3186
430 6449
431 3273
431 3962
432 1946
432 1968
432 3529
433 5657
433 6215
433 7513
434 2
434 1747
434 6545
434 7482
434 8734
435 203
435 492
435 629
435 1433
435 2753
435 7698
435 8728
435 8842
435 9259
436 7021
436 7239
437 22
437 5378
437 6639
438 1951
438 2924
439 228
439 3156
439 8807
440 228
440 379
440 1100
440 8807
441 5318
441 5646
442 92
442 1119
442 3151
442 3715
442 3926
442 5318
442 5646
443 372
443 539
443 551
443 574
443 1014
443 1170
443 1186
443 1296
443 2125
443 2126
443 2230
443 2257
443 2340
443 2593
443 2748
443 2759
443 2774
443 2839
443 2863
443 2889
443 3016
443 3065
443 3582
443 3951
443 4441
443 4681
443 4958
443 5039
443 6517
443 6723
443 6737
443 6851
443 6888
443 7029
443 7484
443 7529
443 7639
443 7668
443 7778
443 7824
443 8343
443 8344
443 8674
443 8920
443 9036
444 13
444 7090
445 172
445 384
445 1102
445 1366
445 1551
445 2633
445 2818
445 2902
445 2903
445 3966
445 4967
445 5276
445 5277
445 6217
445 6266
445 7181
445 9141
446 3892
446 5335
446 9244
447 29
447 60
447 558
447 1530
447 2253
447 3597
447 4955
447 5008
447 5361
447 5700
447 6460
447 6470
447 6528
447 6585
447 6673
447 6676
447 6688
447 7646
447 8677
447 9312
448 3174
448 5560
449 45
449 1868
449 2264
449 2849
449 3718
449 5670
449 7091
449 7241
449 7527
449 7836
449 7858
449 8796
449 9304
450 3614
450 3615
450 6531
451 645
451 994
451 1331
451 3185
451 7154
451 7439
451 7702
452 2641
452 3849
453 216
453 8634
454 1174
454 1175
454 2764
454 7803
454 9370
455 2823
455 3552
455 4115
455 7693
456 595
456 3797
456 3932
456 3967
457 18
457 467
457 1352
457 1946
457 2253
457 2281
457 2642
457 3564
457 3903
457 3906
457 4010
457 5510
457 5700
457 6187
457 6448
457 7488
457 7637
457 8743
457 8753
457 8791
457 8793
457 9312
458 3932
458 4678
458 5575
459 4065
459 6697
460 4065
460 8217
460 9340
461 391
461 5069
461 5073
462 117
462 2367
462 3968
462 5328
462 5331
462 5420
462 5626
462 6550
462 6713
462 7499
463 3223
463 5279
464 3565
464 3715
465 5526
465 7686
465 8704
466 3982
466 5419
466 8917
467 18
467 457
467 2281
467 7488
467 7637
468 1181
468 2350
468 6549
468 6717
469 2
469 604
469 4122
469 6199
470 551
470 2759
471 2880
471 3591
471 5582
471 6569
471 7233
472 2764
472 7556
473 1633
473 8796
474 152
474 3526
474 5591
474 7531
475 1435
475 6625
475 8819
476 5578
476 7047
477 7049
477 8810
478 1841
478 3715
478 5630
479 5578
479 5632
479 7724
479 8724
480 199
480 2562
480 2575
480 3180
480 6186
480 8721
480 8722
481 1507
481 8770
482 2259
482 2511
483 26
483 1182
483 5064
484 497
484 2548
484 5225
484 5604
484 6608
485 1359
485 1711
485 7190
486 1951
486 2976
486 4966
486 5241
487 2567
487 6601
488 99
488 241
488 2283
488 3287
488 7737
488 8395
489 239
489 1135
489 2276
489 4084
489 5069
489 5356
489 7097
489 8926
490 2652
490 8268
491 1536
491 5284
491 8766
492 435
492 629
492 1433
493 1820
493 3595
493 6739
493 6762
493 7185
493 7245
493 8620
494 627
494 1932
494 2881
494 3850
494 3914
494 5596
494 5691
494 6433
494 8815
494 8946
495 520
495 602
495 1976
495 6299
495 7739
496 549
496 3572
496 3837
496 4036
496 4043
496 4125
496 5062
496 5322
496 5434
496 5561
496 6614
496 7065
496 7236
496 7477
496 9349
497 484
497 2548
497 5225
498 4012
498 6903
499 172
499 5017
500 1489
500 2868
501 427
501 1853
501 2369
501 2810
501 2823
501 2989
501 3553
501 3598
501 3952
501 4073
501 5011
501 5513
501 5591
501 6194
501 6980
501 7001
501 7681
502 603
502 5282
502 5557
502 5663
502 6423
502 7032
502 8235
503 26
503 1479
503 2256
503 2284
503 7521
503 7652
503 8848
503 9249
504 301
504 599
504 4694
505 353
505 4157
506 214
506 2520
506 2559
506 3602
506 5216
506 5520
506 5616
506 6558
507 2778
507 4107
507 4579
507 7748
508 1059
508 1967
508 5302
508 5309
508 6303
508 6762
508 7510
508 7709
508 7744
508 9068
509 4602
509 5278
509 9110
510 1769
510 5014
511 16
511 1889
511 3614
511 6411
511 6531
512 281
512 8827
513 100
513 3321
514 5736
514 7561
515 408
515 2550
515 6605
515 8698
516 415
516 416
516 2965
516 4659
516 6182
516 7535
517 1470
517 3236
517 3613
517 5345
517 7752
517 8224
518 1337
518 2927
518 5294
519 1337
519 1812
519 1815
519 2252
519 2624
519 2795
519 2927
519 3526
519 4023
519 5520
519 5742
519 7550
519 9159
520 101
520 134
520 495
520 1413
520 1976
520 2213
520 2764
520 2975
520 4921
520 5355
520 5680
520 6299
520 7739
521 3268
521 4647
521 5370
521 5589
522 2756
522 8722
523 586
523 1910
524 3268
524 5589
525 2376
525 5539
526 78
526 1147
526 7710
527 52
527 313
527 1160
527 5256
527 5476
527 6261
527 6476
528 221
528 238
528 1423
528 1828
528 1846
528 1875
528 2335
528 2968
528 3831
528 4910
528 6288
528 7527
528 7540
528 7803
528 7839
529 4988
529 6729
529 7777
529 8778
530 54
530 1758
530 1869
530 3730
530 5529
530 6729
530 7179
530 8263
530 8360
531 1105
531 3517
532 80
532 86
532 2214
532 2233
532 3201
532 3752
532 3798
532 4082
532 4140
532 4646
532 5521
532 5680
532 5751
532 6762
532 7218
532 7733
532 7823
532 7862
532 8940
532 8958
532 9039
533 363
533 5467
533 5592
533 5604
534 5602
534 6545
535 39
535 5251
535 5258
535 5467
535 7760
536 43
536 7488
537 3143
537 5508
538 72
538 2904
539 443
539 551
539 2774
539 2889
539 3616
539 6723
540 1777
540 1980
540 4049
540 7081
541 1066
541 6520
542 4003
542 4023
543 53
543 2352
543 2492
543 7478
544 315
544 5663
545 1074
545 9114
546 1132
546 3923
546 5729
547 408
547 1334
547 1613
547 2281
547 2550
547 2642
547 4932
547 4991
547 7488
547 7637
547 8698
548 5565
548 7001
548 8784
549 496
549 7477
550 2924
550 5585
551 443
551 470
551 539
551 574
551 1117
551 2759
551 2774
551 2889
551 3616
551 4681
551 5496
551 6723
551 6743
551 7152
551 7484
552 612
552 1747
552 3763
552 7009
553 1079
553 1353
553 1540
553 1747
553 1827
553 2897
553 3713
553 3885
553 4063
553 5073
553 5549
553 7482
553 7565
553 7726
553 8229
554 5051
554 6300
554 7020
554 7195
555 3291
555 3742
556 5732
556 7108
556 7521
556 7707
556 7712
557 3564
557 6220
558 60
558 447
559 6231
559 7728
560 8829
560 9089
561 202
561 1148
561 2345
561 3944
561 6998
562 5746
562 7588
563 81
563 1317
563 1770
563 2559
563 2960
563 4946
563 4947
563 5520
563 5632
563 6251
563 6459
563 7724
563 8724
564 368
564 1139
564 2246
564 3943
564 5426
564 6543
564 7110
565 127
565 1440
565 1847
565 2774
565 3534
566 1440
566 1849
566 2774
566 3968
566 4065
567 105
567 2531
568 2942
568 8708
569 334
569 352
569 7238
570 3200
570 3229
570 9069
571 2607
571 2777
571 4932
571 5508
571 5653
571 7802
572 72
572 2904
573 1385
573 3833
573 4083
573 5600
573 5703
574 107
574 443
574 551
574 2227
574 7484
575 1150
575 1404
575 7558
575 8351
576 115
576 2559
576 5520
577 385
577 2830
577 6728
578 4063
578 4571
578 5287
579 3141
579 3200
579 3221
579 4033
579 5388
579 6233
579 7593
579 8372
579 8379
579 9097
579 9103
579 9127
580 3552
580 5443
580 6296
580 6412
581 395
581 1357
581 5622
581 5663
582 154
582 4664
582 5335
582 5508
582 6700
582 6701
583 1775
583 8338
584 3207
584 4185
584 9149
585 5243
585 7546
586 523
586 1910
586 6762
586 7825
587 14
587 1892
587 7646
588 3973
588 4659
589 1851
589 3576
589 3844
589 5035
589 5735
590 1749
590 2279
590 8686
591 599
591 1852
591 3588
592 2538
592 3214
592 6282
592 6285
593 3566
593 4837
593 8839
594 8
594 6974
595 456
595 3583
595 3797
595 3967
595 3974
595 3983
595 3997
595 6643
595 6710
595 7761
596 64
596 196
596 233
596 408
596 3831
596 4910
596 5711
596 9248
597 8685
597 8795
598 1864
598 2658
598 3207
598 3208
598 3211
598 4185
599 255
599 301
599 504
599 591
599 1852
599 2353
599 3588
599 4602
599 8738
600 6688
600 7758
600 8700
601 2283
601 3214
602 118
602 495
602 1087
602 1193
602 1451
602 1931
602 1976
602 2233
602 2628
602 2644
602 3922
602 5410
602 6555
602 6622
602 7023
602 7097
602 7550
602 7739
602 7825
602 8333
602 8958
603 228
603 354
603 502
603 634
603 5663
603 5720
604 469
604 2877
604 3183
604 4122
604 5281
604 6199
605 1332
605 2621
605 2900
605 7233
606 3922
606 5296
606 5355
606 6555
606 6584
606 6622
606 6730
606 7023
606 7097
606 7550
607 3301
607 8814
607 8824
608 6420
608 8762
609 117
609 2770
609 5026
609 7642
610 3860
610 3887
610 4583
610 7834
610 8728
611 1468
611 9094
612 552
612 1540
612 1747
612 3588
612 3763
612 7009
612 7764
613 209
613 307
613 1336
613 6970
613 7204
613 8366
613 8723
613 8795
614 2962
614 4709
615 337
615 2592
615 3279
615 4693
615 6542
615 6577
615 7106
615 7577
615 8744
616 1160
616 1503
616 1871
616 3250
616 4062
616 5661
616 6762
616 7077
616 7527
616 8277
616 8799
617 1538
617 7523
617 8346
618 1504
618 3769
618 5432
618 6680
618 7530
618 8612
619 1098
619 2814
619 5292
619 5334
619 6184
619 8266
620 2973
620 5299
620 9117
621 3295
621 5751
622 155
622 306
622 644
622 1388
622 1392
622 2310
622 2526
622 3175
622 3216
622 3592
622 3599
622 3800
622 3993
622 4059
622 4972
622 4987
622 5040
622 5255
622 5264
622 6519
622 6714
622 7481
622 7521
622 8270
622 8385
622 8393
622 8614
622 8784
623 8370
623 8815
624 273
624 3254
624 5861
624 8876
625 1395
625 3588
625 3988
626 3140
626 9139
627 32
627 494
627 1435
627 3189
627 3845
627 4964
627 8815
628 2360
628 2967
628 9246
629 435
629 492
629 1433
629 2807
629 2925
629 3606
629 7646
629 8627
629 8800
630 1100
630 6752
630 8787
631 32
631 272
631 273
631 2215
631 3254
631 3564
631 4146
631 5345
631 5406
631 7664
631 8791
632 29
632 207
632 7646
632 7664
633 4964
633 4984
633 7129
634 228
634 379
634 603
634 5663
635 1854
635 5472
635 7047
635 7668
635 8782
636 49
636 89
636 379
636 396
636 402
636 2413
636 3558
636 3563
636 4613
636 5527
636 6442
636 6458
636 6479
636 6532
636 6750
636 7626
637 1794
637 2218
637 3200
637 3764
637 3940
637 4920
637 4979
637 5037
637 5312
637 7149
638 221
638 239
638 299
638 327
638 1756
638 1811
638 2523
638 3261
638 4992
638 5051
638 5226
638 5295
638 5296
638 5575
638 5585
638 6215
638 6582
638 6584
638 6664
638 6980
638 7195
638 7206
638 7550
639 705
639 1814
639 7658
639 8706
639 8731
640 1508
640 4932
641 2593
641 7089
642 192
642 3149
642 5464
643 2236
643 2919
643 3014
643 3630
643 3841
643 4502
643 5473
643 5524
643 7212
643 7585
643 8353
643 9030
643 9053
643 9086
644 181
644 339
644 622
644 1817
644 1964
644 1967
644 4637
644 6594
644 6679
644 6735
644 6992
644 8734
644 8784
645 451
645 1801
645 3185
645 3882
646 396
646 7626
647 3549
647 7001
647 8250
648 1914
648 3957
649 342
649 5554
650 166
650 7842
651 1516
651 1552
651 6705
651 6903
652 1385
652 3902
653 180
653 1385
653 1490
653 1794
653 3154
653 5077
653 5862
654 1483
654 2618
654 2827
654 3571
654 5532
655 815
655 4735
656 1683
656 4374
656 4375
656 4827
656 6503
657 3075
657 3481
657 9343
658 5094
658 6931
658 9055
659 815
659 1055
660 994
660 6039
660 8186
660 9342
661 854
661 994
661 3400
661 4747
661 7439
662 4126
662 7757
663 811
663 2381
664 4524
664 6023
664 6780
665 1310
665 4558
665 5905
666 750
666 1198
666 1562
666 1675
666 2022
666 2197
666 4321
666 4476
666 4484
666 4487
666 4504
666 4552
666 4842
666 5119
666 6484
666 7913
666 8140
666 8885
667 1200
667 1560
667 2405
667 2480
667 4226
667 7414
667 7444
667 8120
668 4996
668 8509
669 2416
669 5202
669 5794
670 3343
670 5116
670 8559
671 3508
671 6912
671 8115
671 9344
672 5879
672 5906
673 6061
673 7293
674 1008
674 6030
674 6117
674 6120
675 1722
675 5142
675 5814
675 6044
676 1635
676 1737
676 3627
676 3636
676 4290
676 5175
676 6029
676 7414
676 7421
677 1239
677 2412
678 2680
678 4193
678 5754
679 4858
679 6896
680 8036
680 9201
681 6147
681 6152
681 7988
682 1307
682 2023
682 3678
683 3371
683 3386
683 7870
684 8544
684 8994
685 3690
685 4263
686 1253
686 7282
686 7883
686 8073
686 8204
687 1244
687 4861
687 5959
687 7321
687 7353
687 7955
687 8016
687 9271
687 9285
688 8014
688 8579
688 8587
689 1990
689 3015
689 3406
689 3410
689 4876
689 6508
689 8210
689 8435
689 8641
690 4785
690 8578
690 8580
691 3434
691 6130
691 8432
692 1605
692 2069
692 2710
692 3401
692 3647
692 3651
692 4865
692 6078
692 6165
692 6234
692 6488
692 7915
692 7951
692 8020
692 8158
692 8171
692 8976
692 9176
693 6400
693 7907
694 3409
694 6108
695 3706
695 6385
695 7465
695 8595
695 9188
696 3025
696 8134
697 3006
697 4894
697 8441
697 8458
697 9290
698 1055
698 3950
698 7093
699 3428
699 5770
700 3424
700 3435
700 4540
700 6074
700 7865
700 9178
700 9269
701 63
701 1604
701 1614
701 1615
701 3279
701 6577
702 719
702 3015
702 7317
702 7975
703 719
703 6114
703 6951
703 6982
704 1582
704 6768
705 639
705 1814
705 7658
705 8731
706 886
706 4247
706 7090
706 8653
707 4506
707 6069
708 996
708 2159
708 2471
708 2731
708 3450
708 8990
709 5814
709 5916
709 8508
710 4461
710 7263
711 5154
711 5891
712 2397
712 4786
712 7929
713 1051
713 1621
713 5776
713 6338
713 7365
713 7409
713 7430
714 2140
714 4506
714 6064
714 8177
715 4280
715 5777
716 2975
716 3014
716 4015
716 4250
716 7527
717 1709
717 1711
717 5825
718 780
718 2456
718 3062
718 4278
718 8098
718 8100
718 8114
719 702
719 703
719 722
719 2163
719 3071
719 6074
719 6081
719 6927
719 8508
720 1592
720 1998
720 2694
720 7351
720 7452
720 8107
721 4368
721 7397
722 719
722 765
722 4872
722 5816
722 6074
723 861
723 6020
723 6022
724 5192
724 6363
724 8053
725 5163
725 7414
726 6389
726 8586
727 1176
727 1738
727 3733
727 3806
727 4869
727 5928
727 6516
727 8649
728 6492
728 6899
728 9343
729 3122
729 5163
729 5896
729 6782
729 7269
729 8129
730 6781
730 7334
731 1248
731 1558
731 3069
731 4524
731 5166
731 6780
731 7333
732 895
732 2032
732 5888
732 6353
732 8055
733 830
733 1648
733 4529
733 6000
733 7975
734 826
734 5180
734 5988
735 1661
735 3657
735 4408
735 6001
735 6074
735 6346
735 6372
735 6828
735 6844
735 7887
735 7989
735 7999
735 8059
735 8156
735 8166
735 8879
736 1259
736 1281
736 1736
736 2151
736 2469
736 3100
736 4297
736 6123
736 7989
736 7999
736 8120
736 9176
737 821
737 3012
737 4425
737 4499
737 6881
737 6909
737 7846
738 2059
738 3349
738 8133
738 8152
739 784
739 7456
739 8970
740 1568
740 4454
740 5629
741 2157
741 8026
742 2439
742 6128
742 8582
743 1207
743 1208
743 1223
743 1597
743 2402
743 2720
743 3037
743 3039
743 3627
743 3638
743 4518
743 5239
743 5784
743 5945
743 6117
743 7873
743 8026
743 9001
744 1296
744 3627
744 6486
745 2024
745 2459
745 7876
746 2024
746 2459
746 5125
746 5128
746 5130
746 6368
746 7876
747 3046
747 7334
747 7914
747 8582
748 4443
748 5816
749 954
749 1641
749 4432
750 666
750 871
750 2022
750 3403
750 4318
750 4487
750 4842
750 8655
751 1287
751 4316
751 5764
751 6810
751 7452
752 2699
752 7387
753 6028
753 8652
754 791
754 1220
754 5765
754 5923
754 8905
755 2279
755 3680
755 8166
756 2178
756 8903
757 764
757 2671
758 4797
758 5931
758 8508
759 2146
759 3041
759 3660
759 4477
759 5164
759 5841
759 6346
759 6807
759 6924
759 7399
759 7400
759 7402
760 2032
760 8055
761 2436
761 3082
762 2142
762 2715
762 3002
762 4466
762 5109
762 5805
762 8646
763 6091
763 6879
763 7444
764 757
764 2671
765 722
765 767
766 4493
766 7348
767 765
767 1205
768 942
768 1202
768 9005
769 2435
769 3077
769 7948
770 775
770 1232
770 4853
770 6485
770 7934
770 7936
770 8482
771 2189
771 4247
771 7319
772 858
772 3455
772 6026
773 7609
773 7961
774 860
774 916
774 1704
775 770
775 2742
775 4337
775 5782
775 6033
775 6485
775 7936
776 789
776 3046
776 3064
776 3645
776 3646
776 6116
776 6586
776 6589
776 8853
777 960
777 2170
778 897
778 924
778 2493
778 5822
778 5875
778 7300
778 7451
779 1284
779 5877
780 718
780 8098
781 850
781 5956
782 2666
782 3466
782 3884
782 8896
782 8897
783 5109
783 5938
784 739
784 895
784 1238
784 1613
784 2032
784 2733
784 4213
784 4216
784 4751
784 4757
784 4879
784 5146
784 5814
784 5936
784 5944
784 6034
784 6822
784 6896
784 7456
784 8055
784 8970
784 9044
785 1659
785 3358
785 5785
785 7279
786 975
786 5094
786 5871
786 6361
787 4284
787 4834
787 5157
787 6113
788 1279
788 3069
788 8855
789 776
789 3046
789 3064
789 3671
789 3895
789 4080
789 4272
789 4414
789 4471
789 4786
789 5887
789 7949
789 8508
789 8888
790 3019
790 3052
790 3084
790 3695
790 4854
791 754
791 847
791 1218
791 1220
791 5923
791 6847
791 6857
792 5840
792 5842
792 8891
793 850
793 3031
793 6801
793 8110
793 8118
794 1704
794 2087
794 4532
795 878
795 2087
795 4532
795 4542
795 5117
795 8022
796 6050
796 6057
796 7922
797 4294
797 6489
798 958
798 8124
799 876
799 2010
799 2048
799 2460
799 4414
800 2108
800 2666
800 3627
801 1651
801 1652
801 2172
801 3643
801 3652
802 2172
802 2177
802 3643
802 4896
802 6785
803 869
803 878
803 3008
803 5117
803 6804
804 2017
804 4210
804 4361
804 7979
805 1274
805 4494
805 7412
805 8649
806 4370
806 4377
806 6830
807 3337
807 4430
807 5187
808 814
808 1716
808 1736
808 3337
808 4430
808 5187
808 5620
808 6351
808 6909
809 3484
809 7285
810 879
810 962
810 6896
810 6898
811 663
811 2381
811 2704
811 2743
811 8671
812 1031
812 3746
813 2493
813 4270
813 4408
813 6042
814 808
814 1684
814 1710
814 1711
814 1961
814 2068
814 3004
814 3035
814 4393
814 4406
814 4473
814 4797
814 4798
814 5848
814 6027
814 6073
814 6842
814 6909
814 7342
814 7895
814 9339
815 655
815 659
815 933
815 934
815 1729
815 1736
815 3018
815 4734
815 4735
815 4877
815 6152
815 7290
815 7301
815 7303
815 7745
815 7884
815 7899
815 8182
815 8188
815 8205
815 8206
815 8213
816 2405
816 6065
817 1141
817 2183
817 3047
817 4242
817 5124
817 7302
818 994
818 7439
819 1717
819 2494
820 878
820 969
820 5097
820 5125
820 7317
820 7896
820 8567
820 8569
821 737
821 1716
821 1738
821 2071
821 2197
821 4499
821 4508
821 4515
