0 1157
0 3684
0 3730
0 3907
1 3353
1 4341
1 5100
1 9366
2 154
2 168
2 434
2 469
2 1426
2 1747
2 1953
2 2556
2 2887
2 3739
2 3755
2 3896
2 3901
2 4072
2 4100
2 4122
2 5241
2 5281
2 5335
2 5508
2 6199
2 6526
2 6545
2 6687
2 6701
2 6710
2 7482
2 7542
2 7913
2 8608
2 8734
3 93
3 1485
3 1892
3 1921
3 3588
3 3952
3 5047
3 7718
4 2561
4 4585
5 3569
5 9126
6 1806
6 1911
6 2535
6 3727
6 4180
6 4926
6 5067
6 5705
6 6593
6 7221
6 8798
7 410
7 3609
8 594
8 1139
8 2527
8 6974
8 7840
9 218
9 2296
9 3189
9 3979
9 5052
9 5371
9 5656
9 6970
9 7246
9 8804
10 137
10 7842
11 7521
11 7842
12 166
12 1148
12 2256
12 2587
12 2787
12 3119
12 3147
12 3531
12 5034
12 5080
12 5316
12 5668
12 7520
12 7521
12 7707
12 7842
12 7977
12 8963
12 9303
12 9374
13 444
13 7090
14 587
14 1475
14 1892
14 2908
14 7646
14 8948
15 1959
15 6468
16 511
16 1889
16 3614
16 6531
17 1756
17 1975
17 5680
18 457
18 467
19 3163
19 3521
19 8371
20 2638
20 5615
21 4507
21 5871
21 6072
22 373
22 437
22 5378
22 6639
23 6589
23 7821
23 8688
24 6642
24 6753
24 7521
25 4602
25 8832
26 237
26 483
26 503
26 1182
26 5064
26 5605
26 7127
27 1121
27 1539
27 4076
28 5314
28 6419
28 7781
29 447
29 632
29 3601
29 4653
29 6681
29 7646
29 7664
29 8677
30 1530
30 4712
30 7470
31 1433
31 1921
32 93
32 221
32 627
32 631
32 1343
32 1435
32 1485
32 1522
32 1540
32 2335
32 2519
32 2764
32 2917
32 2955
32 3014
32 3469
32 3535
32 3564
32 3588
32 3855
32 4097
32 4695
32 4723
32 5345
32 5618
32 6234
32 7097
32 7189
32 7556
32 7664
32 7764
32 7803
32 7839
32 8682
33 4124
33 8294
34 48
34 4152
34 4507
34 9079
35 74
35 5520
35 5742
36 99
36 3713
36 4144
36 4644
36 5001
36 5580
36 5751
36 7069
37 2349
37 4063
38 2937
38 4918
38 7560
39 46
39 535
39 5251
39 5258
39 5467
39 5604
40 5258
40 5467
41 2761
41 4963
41 5340
41 6554
41 7049
42 3563
42 9261
43 536
43 7488
44 1483
44 1529
44 2622
45 396
45 402
45 449
45 5670
46 39
46 5467
47 135
47 3202
48 34
48 1098
48 1470
48 4152
48 4507
48 4683
48 9079
49 636
49 4613
50 90
50 101
50 3932
50 4121
50 8636
50 9080
51 125
51 1903
51 3743
51 3953
51 4022
51 4024
51 4643
51 7124
51 8383
52 527
52 6261
53 543
53 1355
53 2352
53 3610
53 5023
53 6992
53 7478
54 530
54 3730
54 8263
55 6277
55 7672
56 2560
56 3766
56 7812
57 2361
57 3203
57 8679
58 2268
58 3835
58 4682
58 5484
58 5508
59 5335
59 5403
59 9297
59 9320
60 447
60 558
61 1084
61 2749
61 6631
62 5600
62 5630
63 701
63 7645
63 8828
64 596
64 5711
65 5310
65 8674
66 1344
66 2614
66 6306
66 7681
67 2583
67 5216
67 5248
67 5647
67 6180
68 2920
68 5530
68 7015
68 7063
69 1523
69 2768
70 289
70 1433
70 2856
71 307
71 5481
71 5601
71 7032
72 538
72 572
72 1332
72 1791
72 2366
72 2542
72 2646
72 2836
72 2904
72 4994
72 6754
72 6996
72 7703
72 8961
72 9307
73 5455
73 9258
74 35
74 5520
74 5742
75 5253
75 5338
75 6740
76 3242
76 3948
76 6597
77 175
77 7576
77 7681
78 526
78 1147
78 1402
78 2935
78 2945
78 6525
78 7710
79 3248
79 7174
80 532
80 2214
80 3528
80 3561
80 4181
80 4695
80 5751
81 563
81 6251
81 6459
81 7724
81 8724
82 1171
82 6446
83 1977
83 1978
83 3242
83 4065
83 5613
83 8710
84 3173
84 7029
84 7209
84 7794
85 2371
85 6598
86 532
86 4646
86 5656
86 7724
86 8940
87 3612
87 5381
87 5386
88 1258
88 1988
88 7610
88 8919
89 379
89 636
89 1137
89 6458
89 6750
90 50
90 3528
90 4121
90 4646
90 4695
90 5487
90 5656
90 5722
90 6234
90 6447
90 6453
90 7467
90 7541
90 7716
90 7724
90 7790
90 7803
90 7839
90 8758
91 1462
91 1464
91 1521
91 2659
91 4975
91 4976
91 4977
92 442
92 1119
92 5318
92 5646
92 5872
92 6408
92 7750
93 3
93 32
93 1485
93 3588
93 5047
94 8807
94 8817
95 1071
95 1537
95 2782
95 2968
95 4561
95 4655
95 5051
95 5399
95 5400
95 5513
95 8242
96 3310
96 4068
97 1859
97 2251
97 3290
97 5479
97 5516
97 6551
98 118
98 7023
98 7550
99 36
99 241
99 488
99 1516
99 1552
99 3287
99 4144
99 5580
99 6544
99 6903
99 8395
100 513
100 2591
100 2963
100 3159
100 3321
100 5693
100 7697
100 7765
100 8764
101 50
101 520
101 1099
101 1872
101 1976
101 2213
101 2350
101 2764
101 2947
101 3265
101 3932
101 4999
101 5276
101 6208
101 7139
101 7556
101 7739
101 8952
102 1475
102 1785
102 2579
102 3731
102 8948
103 1475
103 2579
103 8948
104 3188
104 3765
105 567
105 1385
105 2256
105 2531
105 5600
105 5703
106 2218
106 2331
106 3522
107 574
107 2227
108 1961
108 4055
108 4393
108 6214
109 4616
109 8639
110 4044
110 6687
111 4649
111 5695
112 2973
112 5299
113 1329
113 1458
113 2795
113 2931
113 2962
113 3597
113 3998
113 5063
113 6252
113 7071
114 4610
114 4611
114 6661
114 8780
115 576
115 1839
115 1896
115 2559
115 3536
115 3872
115 5520
116 2552
116 6234
116 6451
116 7166
116 7680
116 8726
116 9130
117 462
117 609
117 2367
117 2770
117 5026
117 5331
117 6550
117 7642
118 98
118 602
118 2540
118 2762
118 2798
118 3959
118 4908
118 4921
118 4955
118 5292
118 5296
118 6517
118 6584
118 7023
118 7549
118 7550
118 8349
118 8940
119 2881
119 6585
119 7171
119 8702
120 1068
120 1758
120 1842
120 3749
120 4091
120 6209
120 9076
121 294
121 422
121 1780
121 2975
121 3275
121 5282
121 5450
121 7040
121 7831
122 4084
122 5666
122 7097
122 7847
122 8937
123 5391
123 5751
124 1031
124 2642
124 3764
124 9338
125 51
125 395
125 2789
125 2790
125 3743
125 4643
125 5563
125 5622
125 6690
125 9353
126 1425
126 5286
126 6714
126 6905
126 8257
127 565
127 3534
128 3135
128 3777
128 3861
128 4647
128 5585
128 7527
128 8314
129 2660
129 5572
129 7151
130 5022
130 5296
130 5331
130 6703
130 7734
131 3527
131 3536
131 5270
131 8754
132 3232
132 9298
133 1070
133 1071
133 1145
133 2796
133 2915
133 3183
133 3968
133 4969
133 5032
133 5348
133 5697
133 6698
133 6745
133 8752
133 9245
134 520
134 1976
134 5618
134 5680
134 7255
135 47
135 1342
135 3202
135 3901
135 4699
135 5460
135 5461
135 5558
136 2900
136 5536
137 10
137 7842
138 398
138 3176
138 7013
139 4963
139 6554
140 1503
140 3271
140 5303
141 1167
141 3298
142 5296
142 5331
142 6703
143 1970
143 3713
143 4039
144 5549
144 5594
144 8229
145 148
145 1323
145 1506
145 1544
145 2347
145 3142
145 3764
145 6527
145 6535
145 6978
145 7605
145 7830
145 9306
146 3730
146 3907
146 7124
147 1103
147 4579
147 7191
148 145
148 4684
149 1498
149 9247
150 4707
150 7775
151 163
151 6623
152 474
152 2989
152 4566
152 5591
152 7224
153 4005
153 5027
154 2
154 582
154 5335
154 5508
154 6688
154 6701
155 622
155 3592
156 1858
156 4098
157 2594
157 2596
157 2603
157 2644
157 3157
157 4576
157 8369
158 332
158 1806
158 3719
158 3727
158 5446
158 7738
159 1110
159 2267
159 7759
160 1450
160 3174
160 7741
161 383
161 1892
161 2528
161 3783
161 7718
162 169
162 6221
162 6228
162 7813
162 7818
163 151
163 1961
163 2766
163 3983
163 4151
163 4382
163 5522
163 7062
163 8411
164 1892
164 3607
165 1892
165 3607
166 12
166 650
166 1892
166 2587
166 3531
166 3607
166 5316
166 5668
166 7521
166 7707
166 7718
166 7842
166 8963
166 9303
167 1146
167 8278
167 8680
167 8681
167 8684
168 2
168 3755
168 3896
168 4072
168 6526
169 162
169 7813
169 7818
170 1148
170 5448
171 198
171 2290
171 3852
171 6191
171 8258
171 9300
172 383
172 445
172 499
172 2528
172 3802
172 3966
172 5017
172 7720
172 8298
172 9134
173 1394
173 3713
174 1479
174 3734
175 77
175 7576
175 7681
176 1939
176 4132
176 5448
176 5451
177 1138
177 1189
177 1778
177 8637
178 1626
178 2333
178 6635
179 405
179 4729
179 7252
180 653
180 1490
180 1596
180 1819
180 3834
180 5077
181 644
181 1855
181 2786
181 2841
181 3594
181 3793
181 3855
181 4028
181 6678
181 6679
181 6735
181 6992
181 8734
182 1369
182 1774
182 1805
183 1406
183 7743
184 1857
184 4723
184 5671
184 6418
184 6683
184 9111
185 4588
185 5244
185 7454
186 1353
186 1816
187 1401
187 2554
187 2748
187 2884
187 3534
187 3575
187 7102
187 7657
187 8256
188 2862
188 2918
188 2941
188 8839
189 3254
189 6718
190 320
190 374
190 1478
190 1887
190 2618
190 2757
190 2972
190 3524
190 4977
190 7000
191 221
191 2335
191 4623
191 7540
192 197
192 642
192 1124
192 1386
192 1436
192 1846
192 2562
192 2900
192 3149
192 3941
192 5219
192 5464
192 6410
192 6707
192 6727
193 3844
193 3910
193 8689
194 3200
194 7100
194 7689
195 3780
195 6532
196 596
196 4910
197 192
197 8815
198 171
198 1507
198 2290
198 2809
198 3852
198 6191
198 8258
198 8688
199 204
199 480
199 2562
199 2575
199 3180
199 6181
199 6186
199 6227
199 6246
199 8722
200 2256
200 3565
200 7521
201 1926
201 3711
201 6549
202 561
202 2345
202 6998
203 435
203 2753
203 8842
204 199
204 2562
204 6227
204 8722
205 273
205 3966
205 5406
206 835
206 2389
207 632
207 3564
207 3565
207 7664
208 2874
208 3164
208 4648
208 7791
209 307
209 613
209 8366
209 8795
210 1959
210 5737
210 8831
211 1108
211 4986
212 2281
212 7488
213 2281
213 2350
213 2550
213 6450
213 6610
214 506
214 2559
214 2776
214 3562
214 3602
214 5520
214 6456
215 3851
215 6742
216 453
216 1506
216 4145
216 6692
216 7037
216 7505
216 8628
216 8634
217 379
217 396
217 402
217 1880
217 4694
217 7626
217 7629
218 9
218 3189
218 3874
218 3979
218 5052
218 5371
218 5656
218 6970
219 2517
219 3143
219 5597
220 321
220 2773
220 2925
220 2968
220 4006
220 4393
220 6214
220 6667
220 7134
221 32
221 191
221 299
221 528
221 638
221 1875
221 2293
221 2335
221 2968
221 3261
221 4623
221 4992
221 5585
221 6288
221 6451
221 7540
222 3289
222 7168
223 1534
223 5428
223 7527
224 1752
224 7088
224 8352
225 3214
225 7022
226 400
226 1313
226 1494
226 1602
226 2267
226 3249
226 4993
226 5397
226 6759
226 9245
227 332
227 1833
227 2557
227 5237
227 6970
228 279
228 379
228 396
228 402
228 439
228 440
228 603
228 634
228 1437
228 2853
228 3156
228 3552
228 3563
228 4694
228 5663
228 6261
228 7574
228 8732
228 8807
228 9297
229 2373
229 6551
229 7035
229 8711
229 9364
230 1438
230 2293
230 4091
230 6184
230 6644
231 2857
231 2969
231 7014
232 2641
232 3849
233 596
233 1484
233 2551
233 2879
233 3142
233 3831
233 4910
233 5711
234 7633
234 8243
234 9362
235 1872
235 2813
235 3846
235 4572
235 4655
235 5026
235 6433
235 7497
235 8375
235 8911
236 363
236 2517
236 4635
236 5259
236 7736
237 26
237 7127
238 528
238 1484
238 2318
238 2324
238 2879
238 3142
238 3533
238 3831
238 4154
238 4910
238 7132
238 7226
238 7730
239 489
239 638
239 1135
239 1160
239 4121
239 4623
239 5453
239 5602
239 6288
239 6414
239 9080
239 9121
240 1036
240 2161
240 4050
240 4603
240 5025
240 7087
240 7270
240 7283
240 8397
240 8942
241 99
241 488
241 6452
241 8395
242 3588
242 3988
242 7764
243 6734
243 7193
244 1400
244 1427
244 2804
244 4939
245 2942
245 8708
246 1782
246 2900
246 2990
246 3587
246 4197
246 4619
246 4987
246 6704
246 7000
246 7083
246 8921
247 3323
247 3740
247 6970
248 1487
248 7704
249 1140
249 2643
249 5438
249 5539
250 2507
250 3741
250 5735
250 6466
250 6471
250 6685
250 7032
250 8689
251 403
251 5376
251 6230
252 3903
252 8753
253 2547
253 3183
253 3203
254 3527
254 8754
255 599
255 1140
255 1745
255 2643
255 5246
255 5438
255 5539
255 8736
256 3609
256 3615
256 4684
257 1958
257 8794
257 9259
258 5475
258 6702
258 7732
259 1313
259 1544
259 1769
259 4080
259 5218
259 7044
260 3976
260 4015
261 1543
261 2222
261 2243
261 2862
261 2973
261 3592
261 5039
261 5299
261 5610
261 7516
261 7522
261 7835
261 8374
262 3200
262 5263
263 2246
263 4703
263 6280
263 7211
264 1504
264 2125
265 267
265 1357
265 2543
265 3722
265 3723
265 3761
265 3773
265 3774
265 3775
265 3984
265 4153
265 4190
265 4669
265 6521
265 7208
265 8236
266 3169
266 3738
266 4075
266 8219
266 8240
267 265
267 1720
267 3723
267 3775
267 3972
267 5424
267 6236
267 6805
268 4984
268 6465
268 8841
269 6441
269 7814
270 7211
270 7719
271 1385
271 5703
272 631
272 1031
272 1314
272 2641
272 3254
272 3849
272 3966
272 4077
272 4403
272 4942
272 4951
272 5406
272 7816
272 8791
272 8808
273 205
273 624
273 631
273 3254
273 3966
273 5406
273 5861
273 8791
273 8876
274 278
274 4048
275 3925
275 6902
275 8779
276 4561
276 5552
277 4147
277 6429
277 8241
278 274
278 3735
278 3951
278 4046
278 4048
278 4093
278 5525
278 7232
278 7253
278 8404
278 9097
279 228
279 1162
279 1421
279 1540
279 5290
279 8308
279 8337
279 8813
280 4590
280 8219
281 512
281 2748
281 4652
281 7487
281 8827
282 4006
282 7095
283 1783
283 4098
283 4973
283 5570
283 9298
284 6620
284 6777
284 7207
285 2932
285 7162
286 1856
286 3246
286 3286
286 8620
287 1193
287 3250
288 1328
288 2778
288 3776
288 3835
288 5661
289 70
289 1433
290 1084
290 1356
290 2749
291 1084
291 1356
291 2749
292 1828
292 5289
292 7786
293 2281
293 3529
293 7811
294 121
294 422
294 1975
294 6426
294 7764
295 3985
295 8260
296 2270
296 4377
296 6517
296 7143
296 7729
296 8229
296 8926
297 5546
297 8324
297 8382
298 2347
298 6279
298 6717
298 6733
298 7525
298 9138
299 221
299 638
299 1756
299 2262
299 2264
299 2293
299 2854
299 2981
299 3261
299 3528
299 3855
299 4003
299 4023
299 4593
299 4695
299 4705
299 5266
299 6567
299 6624
299 7550
299 7553
299 7776
300 2887
300 3771
300 4076
301 504
301 599
302 1506
302 2539
302 3272
302 8628
303 4671
303 6267
304 3862
304 6244
305 1338
305 6614
305 6921
306 622
306 3800
306 6519
307 71
307 209
307 613
307 5601
307 8366
308 1520
308 4078
308 5665
309 1116
309 1144
309 1540
309 1886
309 2375
309 2793
309 6308
309 6536
309 6660
309 7214
309 7588
309 7623
309 7766
309 7803
309 7839
309 7853
309 7854
309 8407
309 8940
310 2844
310 4128
311 2847
311 4128
312 3928
312 5335
312 5700
313 527
313 1889
313 4569
314 2537
314 2900
315 544
315 1167
315 5663
315 6633
315 6719
316 3728
316 3730
316 4658
316 6603
316 6683
316 6908
316 7182
316 8624
317 1157
317 1860
317 2959
317 3907
317 4042
317 4133
317 4183
317 7489
317 9299
318 1159
318 8935
319 1762
319 3816
319 4638
320 190
320 1887
320 7000
320 7620
320 7627
321 220
321 6667
322 2835
322 4128
322 4142
322 4578
322 4686
322 5551
322 5679
322 8323
322 8380
322 8733
322 9145
322 9152
322 9315
323 1452
323 5041
324 1959
324 3854
324 4950
324 5043
324 5323
324 6976
324 7101
324 8712
325 1143
325 5459
325 6542
325 8780
326 1143
326 4015
326 6990
327 638
327 2523
327 4992
327 5575
327 6980
328 3608
328 5312
329 1851
329 6471
330 426
330 1479
330 3144
330 3214
330 3328
330 5337
330 6128
330 6281
330 6282
330 6285
330 7153
330 7583
330 7674
330 8734
330 8794
330 9140
331 3714
331 5056
331 5238
331 8724
332 158
332 227
332 2557
332 3719
332 5237
333 1892
333 3564
334 569
334 7238
335 3526
335 4573
336 1540
336 2312
336 2349
336 6240
336 6261
336 7531
336 7616
337 357
337 615
337 1111
337 1540
337 1772
337 1915
337 2813
337 2900
337 3279
337 5262
337 5536
337 6267
337 7106
337 7577
337 7629
337 7731
337 7786
338 1772
338 2592
338 2900
338 3279
338 7658
338 7768
339 644
339 1749
339 2279
339 8790
340 345
340 2931
340 3518
340 3586
340 4991
340 4992
340 5022
340 5292
340 5296
340 5387
340 6563
340 6584
340 6664
340 6730
340 6732
340 7013
340 7140
340 7141
340 7206
340 7467
340 7777
341 1775
341 5616
341 7632
342 649
342 1892
342 5554
342 8735
343 5226
343 7050
344 373
344 3552
344 3561
344 3621
344 4186
344 6412
345 340
345 2615
345 4954
345 4991
345 5296
345 5387
345 6563
345 7152
345 7177
346 5051
346 5086
346 5216
346 5400
346 5528
347 1246
347 2218
347 2238
347 2412
347 4607
347 8929
347 8960
348 3598
348 5010
348 7628
348 8784
349 1462
349 3709
350 2346
350 4121
350 7839
350 9102
351 1366
351 2263
351 2511
351 3552
351 4961
351 4967
351 5480
351 7089
352 569
352 7238
353 505
353 4157
353 5382
354 603
354 2897
354 4927
354 5663
354 6261
354 7782
354 9063
354 9253
355 1069
355 1199
355 1740
355 1767
355 2966
355 7804
355 8911
356 1369
356 1498
356 1774
356 4038
356 6626
356 7043
357 337
357 2900
358 2260
358 3866
358 4675
358 7002
359 1552
359 1867
359 2854
359 5358
359 6660
359 7072
360 1525
360 8940
361 5178
361 6622
361 7267
362 3901
362 7667
363 236
363 533
363 1848
363 2517
363 4635
363 5415
363 5592
363 6987
363 7736
363 8364
363 8759
364 412
364 6475
365 3565
365 3766
366 2336
366 3723
366 3774
366 3775
366 3984
366 6755
367 3552
367 3588
367 7574
367 7764
367 8242
368 564
368 1109
368 1139
368 3617
368 3843
368 3851
368 5223
368 6543
368 7590
369 7473
369 9247
370 1769
370 2363
370 5738
371 2882
371 7819
372 443
372 2216
372 4958
372 5444
372 7196
372 7529
372 7779
373 22
373 344
373 1495
373 3552
373 3561
373 3627
373 4186
373 5443
373 6296
373 6556
374 190
374 1765
374 2618
374 2757
374 2972
374 3186
374 4057
374 4977
374 7192
374 7555
375 2952
375 2971
376 2370
376 2648
376 9254
377 3560
377 3841
377 5614
377 6439
378 1812
378 2330
378 2621
379 89
379 217
379 228
379 396
379 402
379 440
379 634
379 636
379 1193
379 3309
379 3563
379 5520
379 5554
379 6458
379 6750
379 7626
379 7731
379 8807
380 4127
380 4580
380 6259
380 7104
380 8376
381 1349
381 1368
381 1825
381 2762
381 3730
381 5329
381 5520
381 5549
381 8610
382 1328
382 5065
382 5585
382 5661
382 7223
382 7550
383 161
383 172
383 2528
383 3783
383 3802
383 8298
384 445
384 6266
385 577
385 2830
385 6728
386 1975
386 2248
386 5060
386 7517
387 1826
387 5027
387 7049
388 1426
388 2645
388 2968
388 6970
388 7036
389 1031
389 3212
389 4006
389 7139
389 7147
390 1351
390 2242
390 2556
390 2969
391 461
391 5073
392 4999
392 5028
392 8950
393 2812
393 3562
393 8744
393 8767
394 1171
394 3793
394 4028
394 5542
394 6254
395 125
395 581
395 2789
395 2790
395 5563
395 5622
395 6690
395 9353
396 45
396 217
396 228
396 379
396 402
396 636
396 646
396 1880
396 2943
396 3309
396 3563
396 4959
396 5084
396 5554
396 7574
396 7626
396 7629
396 7731
397 5004
397 5468
398 138
398 2612
398 3176
398 5268
398 5603
398 7013
399 3552
399 6214
399 7089
400 226
400 5397
400 6759
401 1157
401 4670
401 6537
401 7118
401 8231
401 8350
402 45
402 217
402 228
402 379
402 396
402 636
402 1880
402 2514
402 2943
402 2976
402 3200
402 3309
402 3552
402 3563
402 3870
402 4694
402 5084
402 5254
402 5357
402 5520
402 5554
402 5752
402 6309
402 6761
402 7626
402 7629
402 7731
402 8363
403 251
403 406
403 5376
403 5739
403 6230
404 3205
404 3217
404 3378
404 3983
404 4046
404 6268
404 7164
405 179
405 4729
405 7252
406 403
406 5376
406 5739
406 6230
407 1940
407 1942
407 5245
407 5725
407 6658
408 515
408 547
408 596
408 1601
408 1761
408 3827
408 7237
408 8698
409 2911
409 3711
409 3918
409 5339
409 7535
409 7614
409 8771
410 7
410 3609
411 1109
411 1525
411 2335
411 3717
411 3851
411 4155
411 4690
411 5054
411 5479
411 6294
411 6414
411 7839
411 8412
411 8629
411 9159
412 364
412 1407
412 2939
412 4990
412 6475
412 7483
412 7592
412 8775
412 8776
412 9193
413 2511
413 2561
413 3146
413 4585
414 7252
414 8697
415 516
415 6182
416 516
416 6182
416 7535
417 6456
417 8700
418 1764
418 2559
418 4925
419 3315
419 6143
419 8390
420 5455
420 7731
420 8315
420 8824
421 3826
421 5059
422 121
422 294
422 2605
423 2337
423 3211
423 5700
423 6445
423 6603
423 7139
423 8776
423 8825
424 1340
424 2564
424 4176
424 5439
425 3552
425 7899
426 330
426 3214
426 3546
426 3816
426 6612
427 501
427 5513
427 6980
428 3259
428 9308
429 4708
429 5483
429 7666
430 1505
430 3186
430 6449
431 3273
431 3962
432 1946
432 1968
432 3529
433 5657
433 6215
433 7513
434 2
434 1747
434 6545
434 7482
434 8734
435 203
435 492
435 629
435 1433
435 2753
435 7698
435 8728
435 8842
435 9259
436 7021
436 7239
437 22
437 5378
437 6639
438 1951
438 2924
439 228
439 3156
439 8807
440 228
440 379
440 1100
440 8807
441 5318
441 5646
442 92
442 1119
442 3151
442 3715
442 3926
442 5318
442 5646
443 372
443 539
443 551
443 574
443 1014
443 1170
443 1186
443 1296
443 2125
443 2126
443 2230
443 2257
443 2340
443 2593
443 2748
443 2759
443 2774
443 2839
443 2863
443 2889
443 3016
443 3065
443 3582
443 3951
443 4441
443 4681
443 4958
443 5039
443 6517
443 6723
443 6737
443 6851
443 6888
443 7029
443 7484
443 7529
443 7639
443 7668
443 7778
443 7824
443 8343
443 8344
443 8674
443 8920
443 9036
444 13
444 7090
445 172
445 384
445 1102
445 1366
445 1551
445 2633
445 2818
445 2902
445 2903
445 3966
445 4967
445 5276
445 5277
445 6217
445 6266
445 7181
445 9141
446 3892
446 5335
446 9244
447 29
447 60
447 558
447 1530
447 2253
447 3597
447 4955
447 5008
447 5361
447 5700
447 6460
447 6470
447 6528
447 6585
447 6673
447 6676
447 6688
447 7646
447 8677
447 9312
448 3174
448 5560
449 45
449 1868
449 2264
449 2849
449 3718
449 5670
449 7091
449 7241
449 7527
449 7836
449 7858
449 8796
449 9304
450 3614
450 3615
450 6531
451 645
451 994
451 1331
451 3185
451 7154
451 7439
451 7702
452 2641
452 3849
453 216
453 8634
454 1174
454 1175
454 2764
454 7803
454 9370
455 2823
455 3552
455 4115
455 7693
456 595
456 3797
456 3932
456 3967
457 18
457 467
457 1352
457 1946
457 2253
457 2281
457 2642
457 3564
457 3903
457 3906
457 4010
457 5510
457 5700
457 6187
457 6448
457 7488
457 7637
457 8743
457 8753
457 8791
457 8793
457 9312
458 3932
458 4678
458 5575
459 4065
459 6697
460 4065
460 8217
460 9340
461 391
461 5069
461 5073
462 117
462 2367
462 3968
462 5328
462 5331
462 5420
462 5626
462 6550
462 6713
462 7499
463 3223
463 5279
464 3565
464 3715
465 5526
465 7686
465 8704
466 3982
466 5419
466 8917
467 18
467 457
467 2281
467 7488
467 7637
468 1181
468 2350
468 6549
468 6717
469 2
469 604
469 4122
469 6199
470 551
470 2759
471 2880
471 3591
471 5582
471 6569
471 7233
472 2764
472 7556
473 1633
473 8796
474 152
474 3526
474 5591
474 7531
475 1435
475 6625
475 8819
476 5578
476 7047
477 7049
477 8810
478 1841
478 3715
478 5630
479 5578
479 5632
479 7724
479 8724
480 199
480 2562
480 2575
480 3180
480 6186
480 8721
480 8722
481 1507
481 8770
482 2259
482 2511
483 26
483 1182
483 5064
484 497
484 2548
484 5225
484 5604
484 6608
485 1359
485 1711
485 7190
486 1951
486 2976
486 4966
486 5241
487 2567
487 6601
488 99
488 241
488 2283
488 3287
488 7737
488 8395
489 239
489 1135
489 2276
489 4084
489 5069
489 5356
489 7097
489 8926
490 2652
490 8268
491 1536
491 5284
491 8766
492 435
492 629
492 1433
493 1820
493 3595
493 6739
493 6762
493 7185
493 7245
493 8620
494 627
494 1932
494 2881
494 3850
494 3914
494 5596
494 5691
494 6433
494 8815
494 8946
495 520
495 602
495 1976
495 6299
495 7739
496 549
496 3572
496 3837
496 4036
496 4043
496 4125
496 5062
496 5322
496 5434
496 5561
496 6614
496 7065
496 7236
496 7477
496 9349
497 484
497 2548
497 5225
498 4012
498 6903
499 172
499 5017
500 1489
500 2868
501 427
501 1853
501 2369
501 2810
501 2823
501 2989
501 3553
501 3598
501 3952
501 4073
501 5011
501 5513
501 5591
501 6194
501 6980
501 7001
501 7681
502 603
502 5282
502 5557
502 5663
502 6423
502 7032
502 8235
503 26
503 1479
503 2256
503 2284
503 7521
503 7652
503 8848
503 9249
504 301
504 599
504 4694
505 353
505 4157
506 214
506 2520
506 2559
506 3602
506 5216
506 5520
506 5616
506 6558
507 2778
507 4107
507 4579
507 7748
508 1059
508 1967
508 5302
508 5309
508 6303
508 6762
508 7510
508 7709
508 7744
508 9068
509 4602
509 5278
509 9110
510 1769
510 5014
511 16
511 1889
511 3614
511 6411
511 6531
512 281
512 8827
513 100
513 3321
514 5736
514 7561
515 408
515 2550
515 6605
515 8698
516 415
516 416
516 2965
516 4659
516 6182
516 7535
517 1470
517 3236
517 3613
517 5345
517 7752
517 8224
518 1337
518 2927
518 5294
519 1337
519 1812
519 1815
519 2252
519 2624
519 2795
519 2927
519 3526
519 4023
519 5520
519 5742
519 7550
519 9159
520 101
520 134
520 495
520 1413
520 1976
520 2213
520 2764
520 2975
520 4921
520 5355
520 5680
520 6299
520 7739
521 3268
521 4647
521 5370
521 5589
522 2756
522 8722
523 586
523 1910
524 3268
524 5589
525 2376
525 5539
526 78
526 1147
526 7710
527 52
527 313
527 1160
527 5256
527 5476
527 6261
527 6476
528 221
528 238
528 1423
528 1828
528 1846
528 1875
528 2335
528 2968
528 3831
528 4910
528 6288
528 7527
528 7540
528 7803
528 7839
529 4988
529 6729
529 7777
529 8778
530 54
530 1758
530 1869
530 3730
530 5529
530 6729
530 7179
530 8263
530 8360
531 1105
531 3517
532 80
532 86
532 2214
532 2233
532 3201
532 3752
532 3798
532 4082
532 4140
532 4646
532 5521
532 5680
532 5751
532 6762
532 7218
532 7733
532 7823
532 7862
532 8940
532 8958
532 9039
533 363
533 5467
533 5592
533 5604
534 5602
534 6545
535 39
535 5251
535 5258
535 5467
535 7760
536 43
536 7488
537 3143
537 5508
538 72
538 2904
539 443
539 551
539 2774
539 2889
539 3616
539 6723
540 1777
540 1980
540 4049
540 7081
541 1066
541 6520
542 4003
542 4023
543 53
543 2352
543 2492
543 7478
544 315
544 5663
545 1074
545 9114
546 1132
546 3923
546 5729
547 408
547 1334
547 1613
547 2281
547 2550
547 2642
547 4932
547 4991
547 7488
547 7637
547 8698
548 5565
548 7001
548 8784
549 496
549 7477
550 2924
550 5585
551 443
551 470
551 539
551 574
551 1117
551 2759
551 2774
551 2889
551 3616
551 4681
551 5496
551 6723
551 6743
551 7152
551 7484
552 612
552 1747
552 3763
552 7009
553 1079
553 1353
553 1540
553 1747
553 1827
553 2897
553 3713
553 3885
553 4063
553 5073
553 5549
553 7482
553 7565
553 7726
553 8229
554 5051
554 6300
554 7020
554 7195
555 3291
555 3742
556 5732
556 7108
556 7521
556 7707
556 7712
557 3564
557 6220
558 60
558 447
559 6231
559 7728
560 8829
560 9089
561 202
561 1148
561 2345
561 3944
561 6998
562 5746
562 7588
563 81
563 1317
563 1770
563 2559
563 2960
563 4946
563 4947
563 5520
563 5632
563 6251
563 6459
563 7724
563 8724
564 368
564 1139
564 2246
564 3943
564 5426
564 6543
564 7110
565 127
565 1440
565 1847
565 2774
565 3534
566 1440
566 1849
566 2774
566 3968
566 4065
567 105
567 2531
568 2942
568 8708
569 334
569 352
569 7238
570 3200
570 3229
570 9069
571 2607
571 2777
571 4932
571 5508
571 5653
571 7802
572 72
572 2904
573 1385
573 3833
573 4083
573 5600
573 5703
574 107
574 443
574 551
574 2227
574 7484
575 1150
575 1404
575 7558
575 8351
576 115
576 2559
576 5520
577 385
577 2830
577 6728
578 4063
578 4571
578 5287
579 3141
579 3200
579 3221
579 4033
579 5388
579 6233
579 7593
579 8372
579 8379
579 9097
579 9103
579 9127
580 3552
580 5443
580 6296
580 6412
581 395
581 1357
581 5622
581 5663
582 154
582 4664
582 5335
582 5508
582 6700
582 6701
583 1775
583 8338
584 3207
584 4185
584 9149
585 5243
585 7546
586 523
586 1910
586 6762
586 7825
587 14
587 1892
587 7646
588 3973
588 4659
589 1851
589 3576
589 3844
589 5035
589 5735
590 1749
590 2279
590 8686
591 599
591 1852
591 3588
592 2538
592 3214
592 6282
592 6285
593 3566
593 4837
593 8839
594 8
594 6974
595 456
595 3583
595 3797
595 3967
595 3974
595 3983
595 3997
595 6643
595 6710
595 7761
596 64
596 196
596 233
596 408
596 3831
596 4910
596 5711
596 9248
597 8685
597 8795
598 1864
598 2658
598 3207
598 3208
598 3211
598 4185
599 255
599 301
599 504
599 591
599 1852
599 2353
599 3588
599 4602
599 8738
600 6688
600 7758
600 8700
601 2283
601 3214
602 118
602 495
602 1087
602 1193
602 1451
602 1931
602 1976
602 2233
602 2628
602 2644
602 3922
602 5410
602 6555
602 6622
602 7023
602 7097
602 7550
602 7739
602 7825
602 8333
602 8958
603 228
603 354
603 502
603 634
603 5663
603 5720
604 469
604 2877
604 3183
604 4122
604 5281
604 6199
605 1332
605 2621
605 2900
605 7233
606 3922
606 5296
606 5355
606 6555
606 6584
606 6622
606 6730
606 7023
606 7097
606 7550
607 3301
607 8814
607 8824
608 6420
608 8762
609 117
609 2770
609 5026
609 7642
610 3860
610 3887
610 4583
610 7834
610 8728
611 1468
611 9094
612 552
612 1540
612 1747
612 3588
612 3763
612 7009
612 7764
613 209
613 307
613 1336
613 6970
613 7204
613 8366
613 8723
613 8795
614 2962
614 4709
615 337
615 2592
615 3279
615 4693
615 6542
615 6577
615 7106
615 7577
615 8744
616 1160
616 1503
616 1871
616 3250
616 4062
616 5661
616 6762
616 7077
616 7527
616 8277
616 8799
617 1538
617 7523
617 8346
618 1504
618 3769
618 5432
618 6680
618 7530
618 8612
619 1098
619 2814
619 5292
619 5334
619 6184
619 8266
620 2973
620 5299
620 9117
621 3295
621 5751
622 155
622 306
622 644
622 1388
622 1392
622 2310
622 2526
622 3175
622 3216
622 3592
622 3599
622 3800
622 3993
622 4059
622 4972
622 4987
622 5040
622 5255
622 5264
622 6519
622 6714
622 7481
622 7521
622 8270
622 8385
622 8393
622 8614
622 8784
623 8370
623 8815
624 273
624 3254
624 5861
624 8876
625 1395
625 3588
625 3988
626 3140
626 9139
627 32
627 494
627 1435
627 3189
627 3845
627 4964
627 8815
628 2360
628 2967
628 9246
629 435
629 492
629 1433
629 2807
629 2925
629 3606
629 7646
629 8627
629 8800
630 1100
630 6752
630 8787
631 32
631 272
631 273
631 2215
631 3254
631 3564
631 4146
631 5345
631 5406
631 7664
631 8791
632 29
632 207
632 7646
632 7664
633 4964
633 4984
633 7129
634 228
634 379
634 603
634 5663
635 1854
635 5472
635 7047
635 7668
635 8782
636 49
636 89
636 379
636 396
636 402
636 2413
636 3558
636 3563
636 4613
636 5527
636 6442
636 6458
636 6479
636 6532
636 6750
636 7626
637 1794
637 2218
637 3200
637 3764
637 3940
637 4920
637 4979
637 5037
637 5312
637 7149
638 221
638 239
638 299
638 327
638 1756
638 1811
638 2523
638 3261
638 4992
638 5051
638 5226
638 5295
638 5296
638 5575
638 5585
638 6215
638 6582
638 6584
638 6664
638 6980
638 7195
638 7206
638 7550
639 705
639 1814
639 7658
639 8706
639 8731
640 1508
640 4932
641 2593
641 7089
642 192
642 3149
642 5464
643 2236
643 2919
643 3014
643 3630
643 3841
643 4502
643 5473
643 5524
643 7212
643 7585
643 8353
643 9030
643 9053
643 9086
644 181
644 339
644 622
644 1817
644 1964
644 1967
644 4637
644 6594
644 6679
644 6735
644 6992
644 8734
644 8784
645 451
645 1801
645 3185
645 3882
646 396
646 7626
647 3549
647 7001
647 8250
648 1914
648 3957
649 342
649 5554
650 166
650 7842
651 1516
651 1552
651 6705
651 6903
652 1385
652 3902
653 180
653 1385
653 1490
653 1794
653 3154
653 5077
653 5862
654 1483
654 2618
654 2827
654 3571
654 5532
655 815
655 4735
656 1683
656 4374
656 4375
656 4827
656 6503
657 3075
657 3481
657 9343
658 5094
658 6931
658 9055
659 815
659 1055
660 994
660 6039
660 8186
660 9342
661 854
661 994
661 3400
661 4747
661 7439
662 4126
662 7757
663 811
663 2381
664 4524
664 6023
664 6780
665 1310
665 4558
665 5905
666 750
666 1198
666 1562
666 1675
666 2022
666 2197
666 4321
666 4476
666 4484
666 4487
666 4504
666 4552
666 4842
666 5119
666 6484
666 7913
666 8140
666 8885
667 1200
667 1560
667 2405
667 2480
667 4226
667 7414
667 7444
667 8120
668 4996
668 8509
669 2416
669 5202
669 5794
670 3343
670 5116
670 8559
671 3508
671 6912
671 8115
671 9344
672 5879
672 5906
673 6061
673 7293
674 1008
674 6030
674 6117
674 6120
675 1722
675 5142
675 5814
675 6044
676 1635
676 1737
676 3627
676 3636
676 4290
676 5175
676 6029
676 7414
676 7421
677 1239
677 2412
678 2680
678 4193
678 5754
679 4858
679 6896
680 8036
680 9201
681 6147
681 6152
681 7988
682 1307
682 2023
682 3678
683 3371
683 3386
683 7870
684 8544
684 8994
685 3690
685 4263
686 1253
686 7282
686 7883
686 8073
686 8204
687 1244
687 4861
687 5959
687 7321
687 7353
687 7955
687 8016
687 9271
687 9285
688 8014
688 8579
688 8587
689 1990
689 3015
689 3406
689 3410
689 4876
689 6508
689 8210
689 8435
689 8641
690 4785
690 8578
690 8580
691 3434
691 6130
691 8432
692 1605
692 2069
692 2710
692 3401
692 3647
692 3651
692 4865
692 6078
692 6165
692 6234
692 6488
692 7915
692 7951
692 8020
692 8158
692 8171
692 8976
692 9176
693 6400
693 7907
694 3409
694 6108
695 3706
695 6385
695 7465
695 8595
695 9188
696 3025
696 8134
697 3006
697 4894
697 8441
697 8458
697 9290
698 1055
698 3950
698 7093
699 3428
699 5770
700 3424
700 3435
700 4540
700 6074
700 7865
700 9178
700 9269
701 63
701 1604
701 1614
701 1615
701 3279
701 6577
702 719
702 3015
702 7317
702 7975
703 719
703 6114
703 6951
703 6982
704 1582
704 6768
705 639
705 1814
705 7658
705 8731
706 886
706 4247
706 7090
706 8653
707 4506
707 6069
708 996
708 2159
708 2471
708 2731
708 3450
708 8990
709 5814
709 5916
709 8508
710 4461
710 7263
711 5154
711 5891
712 2397
712 4786
712 7929
713 1051
713 1621
713 5776
713 6338
713 7365
713 7409
713 7430
714 2140
714 4506
714 6064
714 8177
715 4280
715 5777
716 2975
716 3014
716 4015
716 4250
716 7527
717 1709
717 1711
717 5825
718 780
718 2456
718 3062
718 4278
718 8098
718 8100
718 8114
719 702
719 703
719 722
719 2163
719 3071
719 6074
719 6081
719 6927
719 8508
720 1592
720 1998
720 2694
720 7351
720 7452
720 8107
721 4368
721 7397
722 719
722 765
722 4872
722 5816
722 6074
723 861
723 6020
723 6022
724 5192
724 6363
724 8053
725 5163
725 7414
726 6389
726 8586
727 1176
727 1738
727 3733
727 3806
727 4869
727 5928
727 6516
727 8649
728 6492
728 6899
728 9343
729 3122
729 5163
729 5896
729 6782
729 7269
729 8129
730 6781
730 7334
731 1248
731 1558
731 3069
731 4524
731 5166
731 6780
731 7333
732 895
732 2032
732 5888
732 6353
732 8055
733 830
733 1648
733 4529
733 6000
733 7975
734 826
734 5180
734 5988
735 1661
735 3657
735 4408
735 6001
735 6074
735 6346
735 6372
735 6828
735 6844
735 7887
735 7989
735 7999
735 8059
735 8156
735 8166
735 8879
736 1259
736 1281
736 1736
736 2151
736 2469
736 3100
736 4297
736 6123
736 7989
736 7999
736 8120
736 9176
737 821
737 3012
737 4425
737 4499
737 6881
737 6909
737 7846
738 2059
738 3349
738 8133
738 8152
739 784
739 7456
739 8970
740 1568
740 4454
740 5629
741 2157
741 8026
742 2439
742 6128
742 8582
743 1207
743 1208
743 1223
743 1597
743 2402
743 2720
743 3037
743 3039
743 3627
743 3638
743 4518
743 5239
743 5784
743 5945
743 6117
743 7873
743 8026
743 9001
744 1296
744 3627
744 6486
745 2024
745 2459
745 7876
746 2024
746 2459
746 5125
746 5128
746 5130
746 6368
746 7876
747 3046
747 7334
747 7914
747 8582
748 4443
748 5816
749 954
749 1641
749 4432
750 666
750 871
750 2022
750 3403
750 4318
750 4487
750 4842
750 8655
751 1287
751 4316
751 5764
751 6810
751 7452
752 2699
752 7387
753 6028
753 8652
754 791
754 1220
754 5765
754 5923
754 8905
755 2279
755 3680
755 8166
756 2178
756 8903
757 764
757 2671
758 4797
758 5931
758 8508
759 2146
759 3041
759 3660
759 4477
759 5164
759 5841
759 6346
759 6807
759 6924
759 7399
759 7400
759 7402
760 2032
760 8055
761 2436
761 3082
762 2142
762 2715
762 3002
762 4466
762 5109
762 5805
762 8646
763 6091
763 6879
763 7444
764 757
764 2671
765 722
765 767
766 4493
766 7348
767 765
767 1205
768 942
768 1202
768 9005
769 2435
769 3077
769 7948
770 775
770 1232
770 4853
770 6485
770 7934
770 7936
770 8482
771 2189
771 4247
771 7319
772 858
772 3455
772 6026
773 7609
773 7961
774 860
774 916
774 1704
775 770
775 2742
775 4337
775 5782
775 6033
775 6485
775 7936
776 789
776 3046
776 3064
776 3645
776 3646
776 6116
776 6586
776 6589
776 8853
777 960
777 2170
778 897
778 924
778 2493
778 5822
778 5875
778 7300
778 7451
779 1284
779 5877
780 718
780 8098
781 850
781 5956
782 2666
782 3466
782 3884
782 8896
782 8897
783 5109
783 5938
784 739
784 895
784 1238
784 1613
784 2032
784 2733
784 4213
784 4216
784 4751
784 4757
784 4879
784 5146
784 5814
784 5936
784 5944
784 6034
784 6822
784 6896
784 7456
784 8055
784 8970
784 9044
785 1659
785 3358
785 5785
785 7279
786 975
786 5094
786 5871
786 6361
787 4284
787 4834
787 5157
787 6113
788 1279
788 3069
788 8855
789 776
789 3046
789 3064
789 3671
789 3895
789 4080
789 4272
789 4414
789 4471
789 4786
789 5887
789 7949
789 8508
789 8888
790 3019
790 3052
790 3084
790 3695
790 4854
791 754
791 847
791 1218
791 1220
791 5923
791 6847
791 6857
792 5840
792 5842
792 8891
793 850
793 3031
793 6801
793 8110
793 8118
794 1704
794 2087
794 4532
795 878
795 2087
795 4532
795 4542
795 5117
795 8022
796 6050
796 6057
796 7922
797 4294
797 6489
798 958
798 8124
799 876
799 2010
799 2048
799 2460
799 4414
800 2108
800 2666
800 3627
801 1651
801 1652
801 2172
801 3643
801 3652
802 2172
802 2177
802 3643
802 4896
802 6785
803 869
803 878
803 3008
803 5117
803 6804
804 2017
804 4210
804 4361
804 7979
805 1274
805 4494
805 7412
805 8649
806 4370
806 4377
806 6830
807 3337
807 4430
807 5187
808 814
808 1716
808 1736
808 3337
808 4430
808 5187
808 5620
808 6351
808 6909
809 3484
809 7285
810 879
810 962
810 6896
810 6898
811 663
811 2381
811 2704
811 2743
811 8671
812 1031
812 3746
813 2493
813 4270
813 4408
813 6042
814 808
814 1684
814 1710
814 1711
814 1961
814 2068
814 3004
814 3035
814 4393
814 4406
814 4473
814 4797
814 4798
814 5848
814 6027
814 6073
814 6842
814 6909
814 7342
814 7895
814 9339
815 655
815 659
815 933
815 934
815 1729
815 1736
815 3018
815 4734
815 4735
815 4877
815 6152
815 7290
815 7301
815 7303
815 7745
815 7884
815 7899
815 8182
815 8188
815 8205
815 8206
815 8213
816 2405
816 6065
817 1141
817 2183
817 3047
817 4242
817 5124
817 7302
818 994
818 7439
819 1717
819 2494
820 878
820 969
820 5097
820 5125
820 7317
820 7896
820 8567
820 8569
821 737
821 1716
821 1738
821 2071
821 2197
821 4499
821 4508
821 4515
821 5928
821 7369
821 8062
822 2209
822 4411
822 6775
823 830
823 885
823 1027
823 1106
823 1205
823 1736
823 2425
823 4823
823 6493
823 8472
823 9170
824 828
824 6148
825 4223
825 4356
825 6484
825 6667
825 7913
826 734
826 888
826 1037
826 2074
826 2102
826 2401
826 2420
826 3091
826 3640
826 5180
826 5935
826 5936
826 5988
826 6481
826 6511
826 7329
826 7914
826 8035
827 4737
827 7988
828 824
828 6148
828 6151
828 6152
828 7988
829 1037
829 6041
830 733
830 823
830 911
830 927
830 1027
830 1106
830 1200
830 2151
830 2401
830 2425
830 3004
830 3061
830 3094
830 3651
830 3657
830 4216
830 4230
830 4398
830 4501
830 4823
830 6000
830 6377
830 6480
830 6493
830 6503
830 6504
830 7932
830 9170
830 9172
830 9176
831 2383
831 4466
831 4892
832 2103
832 2277
832 2283
832 5669
833 894
833 4364
833 4530
833 4867
833 7453
833 8474
834 870
834 2046
834 3112
834 6000
834 6050
834 6327
834 6331
834 6806
834 9225
834 9283
834 9300
835 206
835 2389
835 2448
835 5793
836 2089
836 2151
836 2687
836 6010
836 6842
836 6910
836 7290
836 7998
836 7999
836 9048
837 5178
837 7267
838 897
838 3651
838 5875
838 7451
839 897
839 4310
839 7451
840 1309
840 1656
840 2428
840 4875
841 1039
841 3092
841 5975
841 8578
842 2427
842 3067
842 4322
842 5855
843 2123
843 2666
843 8897
844 1718
844 2033
844 4333
844 5125
844 8048
845 1716
845 8546
846 1218
846 4757
846 5923
846 6360
846 6361
846 6933
847 791
847 1218
847 2998
847 5923
848 1717
848 4493
849 1727
849 2122
849 2132
849 7377
850 781
850 793
850 1307
850 1308
850 2023
850 2097
850 2245
850 2384
850 4249
850 4683
850 5753
850 5815
850 5956
850 6008
850 6078
850 6404
850 7357
851 4835
851 6259
851 8415
852 911
852 1281
852 2039
852 2151
852 6123
853 4127
853 4580
854 661
854 3400
855 2742
855 5814
856 2742
856 5814
857 6074
857 6322
858 772
858 3455
858 3458
858 8454
859 3119
859 3704
859 5181
859 7422
859 7955
859 7977
859 8016
860 774
860 916
860 1704
860 2995
860 7913
861 723
861 6020
861 6022
862 2417
862 2665
862 2667
862 2689
863 4854
863 7964
863 7977
864 1559
864 3122
864 3701
864 4482
864 5090
864 5179
864 5865
864 5902
864 6362
864 6789
864 7332
864 9047
865 1716
865 1735
865 2207
865 2975
865 3101
865 3375
865 3448
865 4501
865 6334
865 7300
865 7368
865 7369
865 7402
865 8502
865 8555
866 3481
866 5940
866 6378
866 7390
866 8510
867 2400
867 5860
868 1207
868 8877
869 803
869 878
869 3008
869 3011
869 5117
870 834
870 910
870 2046
870 3481
870 5940
870 6378
870 8510
871 750
871 1714
871 1732
871 2073
871 2197
871 4304
871 5814
871 6030
872 1729
872 6653
873 2129
873 8506
874 3464
874 4329
874 6046
874 6128
874 6483
874 8584
874 8902
875 4202
875 5854
876 799
876 2460
876 4414
877 2122
877 7377
878 795
878 803
878 820
878 869
878 967
878 969
878 988
878 1007
878 1018
878 2103
878 2169
878 3008
878 3009
878 3107
878 3653
878 4512
878 4542
878 5117
878 5125
878 5903
878 6137
878 6346
878 6804
878 7300
878 7317
878 7965
878 8435
878 8567
878 8784
879 810
879 6896
879 6898
880 3109
880 6372
880 7878
880 7879
881 6373
881 7879
882 1307
882 9344
883 1287
883 4288
883 7336
884 2069
884 6372
884 7259
884 7915
885 823
885 1736
885 6011
886 706
886 4247
886 8653
887 964
887 5112
888 826
888 1629
888 1630
888 3651
888 4218
888 4731
888 4875
888 5203
888 8554
888 9176
889 2484
889 2485
889 5926
889 5986
889 6088
889 6787
889 6791
889 6799
890 3042
890 6803
890 7408
891 2172
891 3643
891 5904
891 6785
892 5850
892 6937
892 7447
892 8053
893 994
893 4499
894 833
894 2062
894 2103
894 4364
894 4530
894 4752
894 6346
895 732
895 784
895 967
895 2032
895 6353
895 8055
896 7929
896 8489
897 778
897 838
897 839
897 1297
897 2043
897 2089
897 2401
897 2469
897 2493
897 3010
897 3109
897 4273
897 4310
897 4414
897 4499
897 4515
897 4516
897 4761
897 5173
897 5802
897 5870
897 5875
897 6037
897 6051
897 6058
897 7284
897 7300
897 7317
897 7444
897 7451
897 7885
897 7975
897 8017
897 8033
897 8166
897 8525
897 8604
898 1277
898 8017
899 4213
899 4266
899 4757
899 5854
899 6896
899 8102
900 1561
900 2667
900 2689
901 6157
901 6503
901 9197
902 6323
902 6503
903 2103
903 2104
903 2385
903 2500
903 4265
904 4366
904 4500
904 5823
905 2988
905 3126
905 6049
905 6053
905 8666
906 3358
906 4327
906 5214
906 5786
907 4226
907 4273
907 4868
907 6152
907 6379
907 6842
907 7957
907 8012
907 8171
907 9176
908 3129
908 5808
908 9175
909 5158
909 7309
910 870
910 2046
910 6378
911 830
911 852
911 928
911 1106
911 1200
911 2101
911 2151
911 2201
911 2206
911 2425
911 3031
911 3657
911 4230
911 4354
911 4823
911 5154
911 6123
911 6504
911 8484
911 9172
912 4751
912 6866
913 8137
913 8510
914 977
914 4776
914 5208
915 4383
915 5913
915 9020
916 774
916 860
916 1704
917 965
917 8907
918 5939
918 8517
919 4218
919 8897
920 1665
920 6572
920 9024
921 1201
921 1738
921 3489
921 3624
921 3651
921 3658
921 4514
921 4515
921 4751
921 6276
921 6866
921 7377
921 7381
921 7904
922 1704
922 5121
922 6934
922 8132
922 8521
923 6154
923 7290
923 7424
924 778
924 2043
924 2079
924 4218
924 4515
924 4516
924 4875
924 5822
924 6123
924 6327
924 6896
924 7284
924 7341
924 7367
924 7451
924 8033
924 8160
925 9323
925 9324
926 2423
926 3130
926 3630
926 3635
926 4372
926 7419
926 9011
927 830
927 1106
927 3012
927 4347
927 6000
927 6136
927 6510
927 9172
928 911
928 1106
928 9172
929 3080
929 8872
929 8875
930 2490
930 5841
931 1179
931 7868
932 6345
932 6794
932 7916
932 8088
932 8089
933 815
933 4734
933 4735
934 815
934 3018
934 4877
934 8188
935 8188
935 8213
936 2116
936 2155
936 8075
937 5823
937 8138
938 968
938 3057
938 7317
938 7331
938 7978
939 8471
939 8516
940 3095
940 5775
941 6089
941 7404
941 8066
942 768
942 1202
942 6896
942 7713
943 1052
943 2728
943 5110
943 7402
944 5889
944 6017
944 6022
945 1555
945 2028
945 7343
946 4875
946 6349
946 7935
947 6349
947 7746
947 8555
948 1287
948 1673
948 3631
948 3632
948 6325
948 7374
948 8138
948 8972
948 8973
949 1256
949 2205
949 2206
949 4516
949 6028
949 6480
949 8182
949 8479
950 4368
950 6104
950 7397
950 7876
950 7900
950 8162
950 8194
950 8473
950 9209
951 4493
951 6835
951 8882
952 954
952 971
952 1236
952 6339
952 6872
952 7359
953 3129
953 4362
953 5808
953 5829
953 9174
953 9175
954 749
954 952
954 1236
954 1641
954 4432
954 6872
954 7359
955 3039
955 8174
956 2433
956 7878
957 961
957 1647
957 2382
957 3702
957 8907
958 798
958 6485
958 8124
959 2190
959 3396
960 777
960 2170
960 4823
960 5925
960 6000
960 6041
960 7915
960 7951
960 7957
960 8851
960 9061
961 957
961 2382
962 810
962 6896
963 5961
963 6844
964 887
964 2459
964 5112
965 917
965 4192
965 4551
965 8111
965 8533
965 8856
965 8907
965 8908
966 1656
966 8670
967 878
967 895
967 1209
967 1238
967 2032
967 2080
967 2454
967 2458
967 2736
967 2742
967 4377
967 4857
967 5117
967 5893
967 6922
967 6938
967 7317
967 8055
967 8970
968 938
968 3057
968 7317
969 820
969 878
969 2733
969 5837
969 6938
969 7317
969 7971
969 8567
970 3479
970 6138
970 6896
971 952
971 6339
971 8168
972 1273
972 1307
972 1308
972 2089
972 2212
972 9321
973 2492
973 8122
974 1141
974 1567
974 1569
975 786
975 5871
976 5823
976 7872
977 914
977 4776
977 5208
978 983
978 2100
978 5885
979 2435
979 5181
979 7977
980 8123
980 8546
981 4313
981 4314
981 4512
981 5881
981 6934
982 1385
982 5199
982 5703
983 978
983 994
984 5211
984 6105
985 5126
985 6778
986 4257
986 7453
987 989
987 2185
987 4372
987 6388
988 878
988 2014
988 2062
988 2400
988 2437
988 3107
988 3646
988 4798
988 5211
988 5823
988 6089
988 8582
988 9002
989 987
989 2185
989 4372
989 6388
990 2070
990 2106
990 3626
990 3634
991 3104
991 3627
991 8106
992 2402
992 2404
992 4554
992 4769
992 4984
992 5152
992 5184
992 5185
992 6019
992 6465
992 6889
992 6947
992 7875
992 9284
993 2122
993 4887
994 451
994 660
994 661
994 818
994 893
994 983
994 2005
994 2283
994 4347
994 4747
994 4762
994 5753
994 5791
994 6149
994 6237
994 6646
994 7439
994 8028
994 8186
994 9342
995 2400
995 5821
996 708
996 2731
996 3450
996 8990
997 4586
997 4881
997 5645
997 6777
998 4419
998 4948
998 8510
999 6314
999 8079
999 8120
1000 5989
1000 6133
1001 2158
1001 5989
1002 3627
1002 7933
1003 4218
1003 4426
1003 4823
1003 7362
1003 7915
1004 1676
1004 2064
1004 5860
1004 7446
1004 8175
1004 8538
1005 1026
1005 3651
1005 6114
1005 6136
1005 7956
1005 8171
1006 6119
1006 7965
1007 878
1007 2069
1007 5117
1007 6311
1007 7317
1007 8077
1008 674
1008 1589
1008 3046
1008 3108
1008 3627
1008 6117
1008 6120
1009 4486
1009 6046
1009 8070
1009 8439
1010 4264
1010 4507
1011 4420
1011 7371
1012 1270
1012 1724
1012 2394
1012 6861
1012 8124
1013 4773
1013 5906
1013 6128
1014 443
1014 2854
1014 4593
1014 4958
1014 5806
1014 6214
1014 8476
1015 2673
1015 6098
1016 2673
1016 3089
1016 6100
1016 6370
1016 6878
1016 6899
1016 7264
1017 1589
1017 2470
1017 3046
1017 3108
1017 4880
1017 5148
1017 5818
1017 5823
1018 878
1018 2169
1019 2078
1019 2384
1019 5823
1020 1566
1020 5860
1021 1055
1021 8643
1022 3402
1022 4213
1022 6710
1022 6794
1022 7913
1022 8476
1023 4996
1023 5823
1023 8474
1023 8509
1024 1385
1024 4951
1024 8052
1025 5194
1025 8052
1026 1005
1026 1200
1026 2015
1026 3651
1026 3657
1026 6160
1026 6480
1026 6844
1026 7317
1026 8156
1026 9007
1027 823
1027 830
1027 2479
1027 2721
1027 4501
1027 5999
1027 6041
1027 6125
1027 6136
1027 7543
1027 8534
1027 8879
1028 4509
1028 4808
1028 8031
1028 8599
1029 2019
1029 6505
1029 6901
1030 7876
1030 9208
1031 124
1031 272
1031 389
1031 812
1031 1323
1031 1570
1031 1717
1031 1820
1031 2641
1031 2642
1031 3037
1031 3039
1031 3392
1031 3746
1031 3764
1031 3781
1031 3849
1031 4006
1031 4356
1031 4677
1031 5508
1031 5862
1031 6343
1031 7322
1031 7741
1031 7958
1031 8007
1031 8051
1031 8186
1031 8808
1031 8985
1031 9338
1032 1205
1032 1736
1032 2111
1032 2118
1032 3010
1032 4399
1032 5128
1032 6013
1032 6324
1032 6367
1032 7543
1032 7915
1033 1055
1033 4293
1033 6953
1033 7296
1033 8642
1034 4293
1034 8642
1035 2697
1035 3336
1036 240
1036 2161
1036 7270
1036 7283
1036 8075
1037 826
1037 829
1037 6041
1037 7329
1038 1643
1038 1736
1038 3017
1038 4237
1038 6710
1038 7886
1038 7988
1039 841
1039 3092
1039 4548
1039 4778
1039 5975
1039 8429
1039 8430
1039 8578
1039 9235
1039 9325
1040 4864
1040 5951
1041 3026
1041 5191
1042 3372
1042 4803
1042 5963
1043 4788
1043 6094
1043 8498
1043 9181
1044 4864
1044 5951
1044 9371
1045 5947
1045 8023
1046 1294
1046 4788
1046 6094
1046 6500
1046 8498
1047 3423
1047 4844
1047 5954
1047 5972
1047 8419
1048 2435
1048 7411
1048 7652
1048 7955
1049 2664
1049 3056
1049 7444
1049 7975
1049 9179
1050 3056
1050 5985
1050 7975
1051 713
1051 1621
1051 6893
1052 943
1052 2728
1052 5110
1052 7402
1053 3483
1053 4367
1053 4473
1053 6149
1054 3017
1054 4557
1054 4668
1054 6948
1054 8093
1054 8194
1054 9231
1055 659
1055 698
1055 1021
1055 1033
1055 1075
1055 1091
1055 1244
1055 1467
1055 1498
1055 1506
1055 1950
1055 2155
1055 2162
1055 2277
1055 2731
1055 3950
1055 4256
1055 4877
1055 5216
1055 5275
1055 5669
1055 5709
1055 6225
1055 6620
1055 6621
1055 6941
1055 6953
1055 6954
1055 6955
1055 6986
1055 7093
1055 7133
1055 7280
1055 7696
1055 8634
1055 8643
1056 4225
1056 7256
1056 8125
1057 1280
1057 1302
1057 3336
1057 5279
1057 6045
1058 5783
1058 8657
1059 508
1059 2215
1059 2278
1059 3564
1059 7510
1059 7664
1059 7709
1059 7744
1059 9068
1060 6620
1060 7092
1060 8820
1060 8822
1060 8823
1061 1537
1061 2283
1061 6716
1061 7807
1062 2235
1062 3238
1062 5747
1062 7183
1062 8219
1063 3757
1063 5069
1063 6302
1064 4563
1064 6240
1064 7134
1065 5504
1065 6239
1066 541
1066 6520
1067 1470
1067 1887
1067 2278
1067 2303
1067 3236
1067 3564
1067 5380
1067 7005
1067 7664
1068 120
1068 1758
1068 1842
1068 3749
1068 4091
1068 6209
1068 6258
1069 355
1069 1199
1069 1420
1069 1740
1069 3842
1069 7804
1069 8911
1069 9350
1069 9355
1069 9356
1070 133
1070 5348
1071 95
1071 133
1071 1492
1071 1497
1071 1818
1071 1936
1071 2782
1071 3260
1071 5348
1071 6745
1072 1700
1072 4340
1072 6368
1073 1887
1073 2793
1074 545
1074 9114
1075 1055
1075 1498
1075 2535
1075 5743
1075 6621
1075 7205
1075 7678
1075 7696
1076 1769
1076 5014
1077 3303
1077 4776
1077 4891
1077 5723
1077 6710
1077 6941
1077 7092
1078 2581
1078 5075
1079 553
1079 3713
1079 7482
1080 3234
1080 7091
1080 7858
1080 8796
1081 1335
1081 5618
1081 7255
1081 8623
1082 1479
1082 2311
1082 3744
1082 5327
1082 7230
1083 1834
1083 2618
1083 5002
1083 5469
1083 7468
1084 61
1084 290
1084 291
1084 1356
1084 1956
1084 2213
1084 2241
1084 2326
1084 2749
1084 4393
1084 6214
1084 6631
1084 8239
1084 9035
1084 9037
1085 3200
1085 3222
1085 4657
1085 8313
1086 1178
1086 2534
1086 2914
1086 3920
1086 6970
1087 602
1087 2628
1087 5296
1087 8958
1088 2620
1088 2641
1089 5604
1089 7760
1090 1909
1090 5694
1090 6639
1091 1055
1091 1467
1092 2274
1092 2549
1093 1313
1093 1548
1093 2959
1093 3730
1093 7157
1093 8290
1094 2219
1094 2291
1094 6219
1094 6982
1095 4941
1095 7168
1096 2778
1096 6206
1096 7717
1096 8405
1097 8699
1097 8934
1098 48
1098 619
1098 1470
1098 2814
1098 3236
1098 4683
1098 5334
1098 6549
1099 101
1099 1524
1099 2350
1099 2764
1099 6549
1099 6717
1099 7550
1100 440
1100 630
1100 1105
1100 1139
1100 8787
1100 8807
1101 1439
1101 2274
1101 3884
1101 4166
1101 5291
1101 6561
1102 445
1102 6217
1102 7181
1103 147
1103 4579
1103 7191
1104 1504
1104 2983
1105 531
1105 1100
1105 3517
1105 7735
1105 8807
1106 823
1106 830
1106 911
1106 927
1106 928
1106 3004
1106 3625
1106 4341
1106 6127
1106 6367
1106 6377
1106 7932
1106 9060
1106 9064
1106 9170
1106 9172
1107 1540
1107 2533
1107 4623
1107 7623
1108 211
1108 4986
1108 4987
1109 368
1109 411
1110 159
1110 2267
1111 337
1111 5536
1112 1892
1112 1898
1112 1899
1112 1900
1112 1929
1112 5034
1112 5489
1112 6638
1112 6642
1112 6671
1112 7521
1112 7548
1112 8727
1112 9089
1113 1908
1113 3808
1114 1136
1114 6711
1115 1769
1115 2601
1115 8701
1116 309
1116 7588
1116 7766
1116 7854
1117 551
1117 6602
1117 7014
1117 9104
1118 3923
1118 6298
1118 9076
1119 92
1119 442
1119 5318
1119 5646
1120 5498
1120 7214
1121 27
1121 1539
1121 4076
1122 3978
1122 6656
1122 8300
1122 8359
1123 1146
1123 2506
1123 3909
1123 6248
1123 6280
1123 6972
1123 8261
1123 8935
1124 192
1124 1436
1125 2974
1125 6236
1126 2233
1126 2258
1126 4052
1126 5751
1127 3531
1127 4562
1128 1451
1128 1470
1128 1741
1128 1772
1128 1799
1128 2247
1128 3236
1128 3250
1128 4095
1128 4973
1128 5428
1128 5571
1128 7785
1128 9298
1129 4157
1129 5730
1129 6725
1129 9028
1130 3206
1130 4177
1130 4599
1130 6961
1130 8083
1130 9108
1131 7678
1131 8090
1131 8755
1132 546
1132 1842
1132 1920
1132 2606
1132 2658
1132 3923
1132 4558
1132 5729
1132 9076
1133 1193
1133 3798
1133 5380
1133 6555
1133 6738
1133 7218
1133 7825
1134 3979
1134 5052
1134 5216
1134 5656
1134 8804
1135 239
1135 489
1135 2276
1135 5069
1135 6418
1136 1114
1136 6711
1137 89
1137 2570
1137 3613
1137 5618
1138 177
1138 1189
1138 1778
1138 2816
1138 4003
1138 4157
1138 7079
1138 7774
1138 8637
1139 8
1139 368
1139 564
1139 1100
1139 6543
1139 7840
1140 249
1140 255
1140 1694
1140 2643
1140 5438
1140 5539
1141 817
1141 974
1141 2183
1141 2482
1141 4242
1142 3607
1142 7767
1143 325
1143 326
1143 4015
1143 5459
1143 6990
1144 309
1144 4651
1144 7796
1144 7853
1144 7854
1145 133
1145 2915
1145 3968
1145 5032
1145 5690
1145 8638
1146 167
1146 1123
1146 1842
1146 3539
1146 6280
1146 8801
1146 8935
1146 9076
1147 78
1147 526
1147 2314
1147 6525
1147 7099
1147 7524
1147 7710
1147 8345
1148 12
1148 170
1148 561
1148 3152
1148 3531
1148 3926
1148 3944
1148 4108
1148 4131
1148 4913
1148 5448
1148 7059
1148 8843
1149 7558
1149 8351
1150 575
1150 1404
1150 4940
1150 5689
1150 7558
1150 8351
1151 1418
1151 7558
1151 7653
1151 7682
1151 8351
1151 8619
1152 1333
1152 1473
1153 4564
1153 6525
1153 7710
1153 8828
1154 5345
1154 5380
1154 7005
1154 8911
1155 1525
1155 3846
1155 3850
1155 4155
1156 3201
1156 4698
1157 0
1157 317
1157 401
1157 2959
1157 3684
1157 3729
1157 3730
1157 3822
1157 3907
1157 4133
1157 4670
1157 5726
1157 6537
1157 7489
1157 8350
1157 9299
1158 2378
1158 5404
1158 7740
1159 318
1159 1842
1159 3539
1159 8283
1159 8935
1160 239
1160 527
1160 616
1160 1345
1160 1871
1160 2248
1160 2293
1160 2335
1160 3250
1160 3261
1160 3526
1160 3888
1160 4062
1160 6184
1160 7540
1160 8347
1161 4136
1161 8815
1162 279
1162 1421
1162 1925
1162 5290
1162 5602
1162 6715
1162 6942
1162 8308
1163 3564
1163 8718
1164 7610
1164 8737
1165 1345
1165 8322
1166 7709
1166 7744
1166 9068
1167 141
1167 315
1167 2826
1167 6633
1168 1173
1168 5549
1169 2156
1169 7302
1169 7908
1170 443
1170 4958
1170 6206
1170 7618
1170 8183
1171 82
1171 394
1171 1937
1171 5298
1171 6446
1172 3214
1172 6285
1173 1168
1173 2917
1173 6758
1174 454
1174 2764
1174 5596
1175 454
1175 8711
1175 9369
1175 9370
1176 727
1176 2958
1176 3191
1176 3894
1176 5928
1176 6724
1176 6795
1176 7254
1176 8491
1176 8621
1176 8622
1176 8649
1177 5086
1177 6747
1178 1086
1178 2534
1178 2914
1178 3920
1178 6970
1179 931
1179 7868
1180 4687
1180 9087
1181 468
1181 2350
1181 6549
1181 6717
1182 26
1182 483
1182 5064
1183 1459
1183 2218
1184 1187
1184 5086
1184 9034
1185 4107
1185 9298
1186 443
1186 2759
1186 2839
1186 7484
1186 7824
1186 8344
1187 1184
1187 5086
1187 9034
1188 1532
1188 2371
1188 8270
1189 177
1189 1138
1189 1778
1189 6450
1189 8637
1190 2281
1190 2350
1190 4031
1190 4921
1190 6441
1190 7550
1190 7637
1191 1789
1191 3193
1191 3292
1191 4676
1191 5290
1191 6196
1191 7091
1191 7844
1191 8268
1192 1462
1192 1464
1192 2283
1192 3709
1192 3990
1192 5273
1192 6237
1192 6256
1192 8230
1193 287
1193 379
1193 602
1193 1133
1193 1878
1193 2335
1193 2644
1193 2858
1193 2871
1193 3250
1193 3776
1193 3798
1193 3911
1193 4572
1193 4669
1193 5380
1193 5618
1193 5680
1193 6555
1193 6738
1193 6762
1193 7097
1193 7218
1193 7825
1193 8219
1193 8317
1194 2141
1194 4311
1194 9363
1195 1238
1195 8121
1196 2155
1196 3356
1196 4218
1196 4875
1196 6896
1196 6898
1197 3065
1197 4891
1198 666
1198 8140
1199 355
1199 1069
1199 1740
1199 7804
1199 8911
1200 667
1200 830
1200 911
1200 1026
1200 2463
1200 3009
1200 4084
1200 6065
1200 6480
1200 6504
1200 7317
1200 8011
1201 921
1201 3624
1202 768
1202 942
1202 1649
1202 2502
1202 4851
1202 7355
1202 8495
1202 9005
1203 7355
1203 8096
1204 1255
1204 4395
1204 8540
1205 767
1205 823
1205 1032
1205 1736
1205 2111
1205 2401
1205 3109
1205 3469
1205 4494
1205 5128
1205 6011
1205 6074
1205 6324
1205 6367
1205 6493
1205 6504
1205 8428
1205 8472
1206 1653
1206 2082
1206 2434
1206 5870
1206 5929
1206 6074
1207 743
1207 868
1207 3037
1207 3039
1207 3627
1207 4738
1207 5941
1207 6168
1207 6553
1207 6774
1207 7527
1207 8857
1207 8877
1207 9287
1208 743
1208 3638
1209 967
1209 2074
1209 2080
1209 2695
1209 2736
1209 3102
1209 4294
1209 4377
1209 5838
1209 6011
1209 6844
1209 8970
1210 5125
1210 6002
1210 6368
1210 8166
1211 4389
1211 5107
1211 5811
1211 7995
1212 2481
1212 2482
1212 2723
1213 1604
1213 1614
1213 1615
1213 8678
1214 1218
1214 5923
1214 8557
1214 8648
1215 1710
1215 5831
1216 5923
1216 6121
1216 8648
1217 5762
1217 5923
1217 8557
1217 8648
1218 791
1218 846
1218 847
1218 1214
1218 2159
1218 2998
1218 5762
1218 5778
1218 5923
1218 6121
1218 6360
1218 6846
1218 6847
1218 6857
1218 8557
1218 8648
1219 6360
1219 6847
1220 754
1220 791
1220 5923
1221 2136
1221 9011
1222 6478
1222 7400
1223 743
1223 2672
1223 7339
1224 2734
1224 5874
1224 6914
1225 1598
1225 2188
1225 2233
1225 2388
1225 2458
1225 4572
1225 4848
1225 6034
1225 6330
1225 6809
1225 6851
1225 6854
1225 8188
1225 8569
1225 9213
1226 1669
1226 4198
1227 2135
1227 3350
1227 6052
1228 7461
1228 8542
1229 2311
1229 4455
1229 7413
1230 3094
1230 6485
1231 4235
1231 7362
1232 770
1232 6485
1233 2051
1233 2187
1233 3402
1233 5167
1233 5814
1233 5893
1233 6928
1233 8508
1234 1662
1234 3733
1234 5814
1234 9044
1235 4291
1235 5975
1235 6500
1235 8596
1236 952
1236 954
1236 6872
1236 7359
1237 4219
1237 6812
1237 7436
1237 8669
1238 784
1238 967
1238 1195
1238 2149
1238 2150
1238 2151
1238 2997
1238 3402
1238 4208
1238 4213
1238 4757
1238 4848
1238 5936
1238 6146
1238 8121
1238 8529
1238 8852
1239 677
1239 1246
1239 2412
1239 8218
1240 2440
1240 2726
1241 2726
1241 3003
1242 7348
1242 8880
1243 1310
1243 1837
1243 4558
1243 9294
1244 687
1244 1055
1244 7258
1244 8018
1244 8182
1244 9271
1245 2679
1245 3347
1245 3354
1245 3471
1245 4716
1245 4894
1245 6040
1245 8458
1245 9238
1246 347
1246 1239
1246 1626
1246 2412
1246 4350
1246 5141
1246 6987
1246 7441
1246 8218
1246 8929
1246 9056
1247 1303
1247 6890
1248 731
1248 4524
1249 1677
1249 4468
1249 6833
1250 7376
1250 8101
1251 1463
1251 5634
1251 7648
1252 7258
1252 8181
1252 8566
1253 686
1253 8073
1254 7912
1254 8074
1254 8088
1254 8089
1255 1204
1255 4395
1255 8540
1256 949
1256 2205
1256 8182
1256 8211
1256 8479
1256 8651
1257 8650
1257 8651
1258 88
1258 1988
1258 7610
1258 8919
1259 736
1259 2012
1259 3100
1259 7444
1260 1587
1260 7354
1260 8652
1261 2998
1261 8649
1262 3506
1262 4204
1263 2086
1263 6843
1263 6845
1264 1265
1264 1997
1264 4740
1264 7448
1264 9199
1264 9328
1265 1264
1265 9199
1266 1267
1266 3385
1266 4730
1266 4742
1266 7449
1266 8986
1266 8987
1266 8988
1266 9171
1267 1266
1267 7449
1268 1736
1268 2401
1268 4823
1268 6123
1268 7957
1268 9048
1269 4317
1269 6314
1270 1012
1270 2168
1270 3660
1270 6838
1270 6861
1270 6862
1270 7955
1270 7977
1271 3487
1271 6378
1272 1685
1272 1686
1272 2392
1272 2471
1272 3460
1272 3481
1272 3487
1272 3666
1272 5154
1272 7216
1272 8510
1273 972
1273 2088
1273 2212
1273 3362
1273 6910
1273 7340
1273 7384
1273 9048
1274 805
1274 1303
1274 2003
1274 6778
1275 1728
1275 5834
1276 6253
1276 6402
1277 898
1277 4795
1277 8017
1277 8023
1278 3325
1278 3351
1278 9162
1279 788
1279 2398
1279 6375
1279 6487
1279 8855
1280 1057
1280 3336
1280 5279
1281 736
1281 852
1281 2151
1281 2153
1281 3100
1281 5096
1281 6056
1281 6059
1281 7290
1281 8480
1281 8906
1282 4525
1282 8894
1283 1568
1283 4454
1284 779
1284 5877
1285 2497
1285 6485
1286 4743
1286 5140
1286 7450
1286 8991
1286 9173
1286 9220
1286 9329
1287 751
1287 883
1287 948
1287 2076
1287 4287
1287 4288
1287 6810
1287 7336
1287 7374
1287 7453
1288 3642
1288 4534
1288 4535
1288 5215
1288 6778
1288 6890
1288 8117
1289 2860
1289 3963
1289 5143
1290 7376
1290 7418
1291 5817
1291 9200
1292 6324
1292 7957
1293 4400
1293 8152
1293 8164
1294 1046
1294 5975
1294 6094
1294 6500
1294 8498
1295 2733
1295 5820
1296 443
1296 744
1296 1473
1296 1483
1296 2125
1296 2126
1296 3951
1296 6494
1296 6701
1296 6888
1296 7320
1296 9036
1297 897
1297 1421
1297 1635
1297 1639
1297 1681
1297 1736
1297 2089
1297 3012
1297 4230
1297 4858
1297 5602
1297 5620
1297 5811
1297 5812
1297 5820
1297 6074
1297 6828
1297 7341
1297 7876
1297 8519
1297 8545
1297 8548
1297 8572
1297 9002
1297 9168
1298 4408
1298 8059
1299 1676
1299 2065
1299 2066
1299 2669
1299 2682
1299 3084
1299 5165
1299 5849
1299 7358
1299 7359
1299 8022
1300 2085
1300 8022
1301 2016
1301 5149
1301 8535
1302 1057
1302 3336
1303 1247
1303 1274
1303 1635
1303 2003
1303 5817
1303 6778
1303 6831
1303 6855
1303 6890
1304 1580
1304 4458
1304 7361
1304 7923
1304 8553
1305 1604
1305 1610
1305 1613
1305 1615
1305 1616
1305 1637
1305 2201
1305 2491
1305 3462
1305 3504
1305 3506
1305 3514
1305 3663
1305 4309
1305 4575
1305 4828
1305 4839
1305 4865
1305 4903
1305 4906
1305 6314
1305 6317
1305 6385
1305 6960
1305 8082
1305 8198
1305 8202
1305 9241
1306 3503
1306 4344
1307 682
1307 850
1307 882
1307 972
1307 1620
1307 2023
1307 2026
1307 2148
1307 2150
1307 2151
1307 2495
1307 2496
1307 2997
1307 3106
1307 3678
1307 3679
1307 4237
1307 4556
1307 4683
1307 4883
1307 6008
1307 6055
1307 6327
1307 6339
1307 6818
1307 6819
1307 7357
1307 7360
1307 7961
1307 8112
1307 8584
1307 9321
1307 9344
1308 850
1308 972
1308 1996
1308 2023
1308 2391
1308 3678
1308 4237
1308 7256
1308 7316
1308 7357
1308 7959
1308 8584
1308 9321
1309 840
1309 1656
1309 2428
1309 3054
1309 5985
1309 9179
1310 665
1310 1243
1310 4558
1310 5905
1311 3700
1311 5935
1311 5936
1311 8651
1312 5361
1312 5428
1312 5686
1313 226
1313 259
1313 1093
1313 1602
1313 3249
1313 3374
1313 4080
1313 4772
1313 4993
1313 5218
1313 7044
1314 272
1314 1819
1314 2342
1314 4403
1314 6198
1314 6568
1314 7128
1314 7537
1314 7538
1315 6198
1315 7128
1316 1769
1316 5014
1317 563
1317 2559
1317 4946
1317 6459
1318 1443
1318 1822
1318 3926
1318 4946
1318 5330
1318 5428
1318 6459
1318 7724
1318 8724
1319 1453
1319 8748
1320 1483
1320 2618
1321 1822
1321 4946
1321 7724
1321 8724
1322 1483
1322 3891
1322 4155
1322 6624
1322 8940
1323 145
1323 1031
1324 1408
1324 1810
1325 2631
1325 5628
1326 1894
1326 2137
1326 3265
1326 5229
1326 5417
1326 5628
1326 7187
1326 7197
1327 1406
1327 6544
1327 6903
1327 8612
1328 288
1328 382
1328 2659
1328 2830
1328 3776
1328 3835
1328 5065
1328 5292
1328 5661
1328 5696
1328 6559
1328 6584
1328 6728
1328 6995
1328 7020
1328 7084
1328 7195
1329 113
1329 2618
1329 2931
1329 2962
1329 3223
1329 5315
1329 6728
1330 5315
1330 6728
1331 451
1331 7154
1332 72
1332 605
1332 2900
1333 1152
1333 1378
1333 1473
1333 8374
1334 547
1334 2800
1334 2900
1334 7637
1334 8941
1335 1081
1335 5618
1335 7255
1335 8623
1336 613
1336 6970
1336 7204
1337 518
1337 519
1337 2252
1337 2927
1337 3526
1337 4023
1337 4594
1337 5294
1338 305
1338 6614
1338 6921
1339 6819
1339 8242
1339 8784
1340 424
1340 2564
1340 4176
1340 5439
1340 7241
1341 3314
1341 9301
1342 135
1342 1501
1342 1665
1342 2554
1342 3550
1342 3696
1342 3791
1342 3904
1342 4699
1342 5558
1342 6908
1342 8325
1342 8927
1343 32
1343 6418
1343 7189
1344 66
1344 2614
1344 6306
1344 7681
1345 1160
1345 1165
1345 1384
1345 1525
1345 1551
1345 2252
1345 2293
1345 3257
1345 3261
1345 3526
1345 3888
1345 4197
1345 5360
1345 5576
1345 5585
1345 6184
1345 6645
1345 6741
1345 7034
1345 8322
1345 8347
1346 6303
1346 8936
1347 7166
1347 8734
1348 7166
1348 8734
1349 381
1349 5329
1349 8610
1350 1423
1350 7567
1351 390
1351 2242
1351 2556
1351 2969
1352 457
1352 4956
1352 5700
1352 6448
1353 186
1353 553
1353 1816
1353 3885
1353 7565
1354 2283
1354 5399
1354 7134
1355 53
1355 2279
1355 2352
1355 7478
1356 290
1356 291
1356 1084
1356 2213
1356 2749
1356 9037
1357 265
1357 581
1357 1758
1357 3264
1357 3722
1357 3723
1357 3761
1357 3804
1357 3984
1357 4988
1357 5622
1358 3258
1358 5450
1359 485
1359 7190
1360 1370
1360 2870
1360 6204
1360 6970
1360 8233
1360 9032
1361 2897
1361 3932
1361 4920
1361 5360
1362 1406
1362 2328
1362 2855
1362 3826
1362 8833
1362 9129
1362 9131
1363 4924
1363 4928
1363 5013
1363 5245
1363 6658
1364 7600
1364 8737
1365 3873
1365 4069
1365 7061
1366 351
1366 445
1366 1471
1366 2263
1366 2511
1366 2545
1366 2861
1366 3555
1366 3767
1366 4967
1366 4978
1366 5480
1366 5690
1366 6198
1366 6217
1366 6459
1366 7039
1366 7724
1366 7756
1366 8724
1367 3147
1367 3928
1368 381
1368 2762
1368 5329
1369 182
1369 356
1369 1498
1369 1774
1369 1805
1369 1881
1369 2130
1369 3369
1369 4634
1369 4641
1369 6626
1370 1360
1370 2870
1370 6204
1370 6970
1370 8233
1370 9032
1371 2252
1371 2803
1371 2824
1371 6540
1371 6711
1372 1907
1372 3530
1372 6415
1373 1777
1373 2321
1373 3214
1373 3832
1373 4929
1373 6652
1373 7081
1374 1957
1374 4034
1374 4279
1374 4311
1374 8633
1374 8715
1375 3593
1375 6428
1376 5046
1376 6521
1376 6522
1376 9305
1377 1460
1377 3707
1378 1333
1378 4021
1378 8374
1379 1744
1379 4042
1380 3728
1380 3730
1380 3907
1380 4959
1380 7607
1380 9110
1380 9252
1380 9299
1381 1466
1381 3708
1382 3793
1382 4028
1382 5542
1382 8695
1383 4508
1383 5074
1383 7612
1383 8249
1384 1345
1384 2293
1384 3261
1384 3526
1384 6184
1384 6741
1384 8347
1385 105
1385 271
1385 573
1385 652
1385 653
1385 982
1385 1024
1385 2531
1385 2532
1385 3154
1385 3833
1385 3902
1385 4083
1385 4914
1385 4938
1385 4951
1385 5600
1385 5703
1385 6523
1385 6575
1385 7604
1385 8052
1386 192
1386 6410
1387 4024
1387 4046
1388 622
1388 1543
1388 2843
1388 2977
1388 3592
1388 3993
1388 4059
1388 5039
1388 8385
1388 8614
1389 2511
1389 2861
1390 1811
1390 2798
1390 5216
1390 5219
1390 6211
1390 6584
1390 6738
1390 8287
1391 4720
1391 7480
1392 622
1392 2310
1392 4637
1392 5349
1393 1819
1393 4978
1393 5319
1393 8247
1394 173
1394 3713
1395 625
1395 3588
1395 3988
1395 5073
1396 1490
1396 5077
1396 6178
1396 6183
1396 7113
1396 7114
1397 1594
1397 7515
1398 1926
1398 3556
1399 3739
1399 7601
1400 244
1400 1427
1400 2975
1401 187
1401 2554
1401 2748
1401 3575
1401 7102
1401 8256
1402 78
1402 2223
1402 2304
1402 2935
1402 2945
1402 4998
1402 7022
1402 7078
1402 8333
1403 6629
1403 6630
1403 6657
1403 7566
1403 9076
1404 575
1404 1150
1404 7558
1404 8351
1405 5044
1405 9072
1406 183
1406 1327
1406 1362
1406 2252
1406 2618
1406 2855
1406 2944
1406 2957
1406 3620
1406 3787
1406 3826
1406 3970
1406 4023
1406 6540
1406 6544
1406 6903
1406 7743
1407 412
1407 2939
1408 1324
1408 1810
1409 1864
1409 4162
1409 4164
1409 4233
1409 4608
1409 7720
1409 7869
1409 8080
1410 4772
1410 4941
1411 1650
1411 6812
1411 8997
1412 5272
1412 6184
1412 6431
1413 520
1413 2975
1413 4921
1413 5355
1414 2755
1414 5422
1414 7070
1415 1507
1415 2522
1415 4993
1416 2365
1416 4187
1417 2588
1417 2651
1418 1151
1418 7653
1418 7682
1418 8619
1419 3215
1419 3227
1419 3905
1419 4656
1419 9052
1420 1069
1420 3842
1420 6196
1420 6758
1420 9351
1420 9352
1420 9355
1421 279
1421 1162
1421 1297
1421 1639
1421 1965
1421 5290
1421 5602
1421 5820
1421 6942
1421 7202
1421 8308
1422 1455
1422 5282
1422 5428
1423 528
1423 1350
1423 1449
1423 7018
1423 7567
1423 7803
1423 7839
1424 6284
1424 7584
1424 7667
1424 7706
1425 126
1425 2592
1425 4167
1425 5286
1425 5401
1425 6561
1425 6714
1426 2
1426 388
1426 1519
1426 1552
1426 2325
1426 2887
1426 5358
1426 5565
1426 6687
1426 6970
1426 7542
1427 244
1427 1400
1428 6249
1428 6280
1429 1912
1429 5509
1429 7831
1430 4330
1430 9221
1431 5245
1431 8257
1432 7523
1432 8318
1433 31
1433 70
1433 289
1433 435
1433 492
1433 629
1433 1832
1433 1921
1433 3165
1433 4173
1434 1868
1434 8796
1435 32
1435 475
1435 627
1435 3189
1435 6625
1435 6701
1435 7735
1435 8819
1436 192
1436 1124
1436 2864
1436 3941
1436 6410
1436 7215
1437 228
1437 3552
1438 230
1438 1886
1438 1887
1438 2293
1438 2659
1438 3526
1438 3585
1438 4091
1438 4181
1438 4962
1438 5576
1438 5627
1438 6184
1438 6644
1438 7550
1439 1101
1439 2274
1439 2976
1439 3730
1439 3790
1439 3907
1439 3942
1439 4062
1439 4658
1439 4959
1439 5675
1439 6195
1439 6561
1439 6683
1439 7124
1439 9142
1440 565
1440 566
1440 1847
1440 1849
1440 2774
1441 4927
1441 5579
1441 6264
1442 3320
1442 4650
1442 8305
1443 1318
1443 1819
1443 4946
1443 5269
1443 7724
1443 8724
1444 3744
1444 5327
1445 3205
1445 3269
1445 3285
1445 3537
1445 3583
1445 7559
1445 7700
1446 1941
1446 2801
1446 4650
1446 4994
1446 7527
1447 1457
1447 2980
1447 4173
1447 4181
1447 6453
1447 6576
1447 6963
1447 7002
1447 7091
1447 7724
1448 1525
1448 3851
1448 4155
1448 6624
1448 8940
1449 1423
1449 7018
1450 160
1450 2801
1450 3174
1450 5537
1450 7490
1450 8774
1451 602
1451 1128
1451 2233
1451 2258
1451 2917
1451 2975
1451 4053
1451 6412
1451 6622
1451 7075
1451 7186
1451 8333
1451 9107
1452 323
1452 5041
1453 1319
1453 1782
1453 1819
1453 2259
1453 5320
1453 5482
1453 5707
1453 8748
1454 5320
1454 5482
1454 5708
1455 1422
1455 2934
1455 3986
1455 4169
1455 4170
1455 4178
1455 5282
1455 5288
1455 5428
1455 5559
1455 7492
1456 4128
1456 5449
1456 5679
1456 7085
1457 1447
1457 3891
1457 6576
1457 6963
1457 9040
1458 113
1458 2931
1458 3998
1459 1183
1459 2218
1459 6993
1460 1377
1460 3707
1461 3262
1461 3939
1461 5335
1461 5714
1461 7067
1461 8923
1462 91
1462 349
1462 1192
1462 2563
1462 2569
1462 3526
1462 3709
1462 4975
1462 4976
1462 5590
1462 7759
1463 1251
1463 3707
1463 5634
1463 7648
1464 91
1464 1192
1464 1521
1464 1821
1464 2267
1464 2356
1464 3709
1464 4977
1464 7625
1465 2244
1465 2559
1465 5294
1465 5321
1465 8729
1466 1381
1466 3708
1466 5368
1466 8697
1467 1055
1467 1091
1468 611
1468 1980
1468 9094
1469 3236
1469 7695
1470 48
1470 517
1470 1067
1470 1098
1470 1128
1470 2247
1470 2303
1470 2347
1470 2975
1470 3236
1470 3604
1470 3613
1470 3747
1470 3839
1470 3954
1470 4006
1470 4084
1470 4261
1470 4683
1470 4707
1470 4714
1470 4727
1470 5003
1470 5306
1470 5345
1470 5445
1470 5450
1470 5625
1470 6243
1470 6549
1470 6611
1470 6615
1470 6622
1470 6640
1470 6746
1470 7149
1470 7188
1470 7471
1470 7496
1470 7695
1470 7752
1470 7764
1470 7775
1470 8220
1470 8224
1470 8348
1470 8408
1470 9031
1470 9306
1470 9316
1471 1366
1471 2224
1471 2511
1471 2545
1471 2757
1471 2758
1471 2946
1471 3524
1471 3767
1471 3797
1471 3897
1471 7568
1472 6225
1472 6955
1473 1152
1473 1296
1473 1333
1474 5384
1474 8744
1475 14
1475 102
1475 103
1475 1544
1475 1545
1475 1785
1475 2308
1475 2334
1475 2579
1475 3731
1475 8948
1476 1542
1476 2576
1476 2833
1477 2316
1477 2511
1477 3767
1478 190
1478 1527
1478 2259
1478 2316
1478 2511
1478 2578
1478 2757
1478 3524
1478 3767
1478 5292
1478 6583
1478 7084
1479 174
1479 330
1479 503
1479 1082
1479 2256
1479 3734
1479 3744
1479 5327
1479 6282
1479 6285
1479 7230
1479 7521
1480 3994
1480 4056
1480 7235
1481 2329
1481 3881
1481 4508
1482 5271
1482 6533
1483 44
1483 654
1483 1296
1483 1320
1483 1322
1483 1529
1483 1760
1483 1883
1483 1918
1483 2261
1483 2504
1483 2589
1483 2590
1483 2618
1483 2622
1483 2797
1483 2933
1483 2957
1483 3178
1483 3518
1483 3571
1483 3619
1483 3787
1483 3970
1483 4014
1483 4181
1483 4977
1483 5365
1483 5462
1483 5469
1483 5515
1483 5591
1483 5680
1483 6226
1483 6273
1483 6636
1483 6655
1483 6691
1483 7009
1483 7081
1483 7250
1483 7251
1483 7320
1483 7672
1483 7847
1484 233
1484 238
1484 1518
1484 1808
1484 2254
1484 2368
1484 2565
1484 2611
1484 2642
1484 2786
1484 3142
1484 3766
1484 3831
1484 4910
1484 4932
1484 5041
1484 5267
1484 5632
1484 6453
1485 3
1485 32
1485 93
1485 3588
1485 5047
1485 7764
1486 2803
1486 4593
1486 5486
1486 7493
1487 248
1487 2854
1487 4067
1487 4593
1487 6567
1487 7467
1487 7704
1488 2223
1488 2446
1488 3977
1488 4002
1489 500
1489 2223
1489 2630
1489 2828
1489 2868
1489 3880
1489 3978
1489 4472
1489 4495
1490 180
1490 653
1490 1396
1490 3154
1490 5077
1491 4197
1491 5272
1492 1071
1492 1497
1492 1818
1492 1936
1492 3260
1493 2833
1493 3741
1493 5724
1494 226
1494 2267
1494 5397
1494 6759
1495 373
1495 6556
1496 2505
1496 2907
1497 1071
1497 1492
1497 1818
1497 1936
1497 3260
1498 149
1498 356
1498 1055
1498 1075
1498 1369
1498 1774
1498 3749
1498 5538
1498 5743
1498 6209
1498 6626
1498 7678
1498 9247
1499 3707
1499 3941
1499 4109
1499 5704
1500 3941
1500 4114
1500 5704
1500 8287
1501 1342
1501 2976
1501 3550
1501 4966
1501 7606
1502 1864
1502 2239
1503 140
1503 616
1503 5243
1503 6762
1503 8277
1504 264
1504 618
1504 1104
1504 2125
1504 2558
1504 2983
1504 3720
1504 3768
1504 3769
1504 5249
1504 5250
1504 6680
1504 7530
1505 430
1505 3186
1505 3856
1505 5637
1505 6449
1506 145
1506 216
1506 302
1506 1055
1506 3142
1506 4145
1506 6692
1506 7037
1506 7505
1506 8628
1506 8634
1507 198
1507 481
1507 1415
1507 1882
1507 2522
1507 2809
1507 4081
1507 4993
1507 7091
1507 8688
1507 8770
1508 640
1508 4932
1509 4643
1509 4989
1509 7027
1510 2619
1510 3823
1510 4697
1511 2347
1511 4932
1511 5616
1511 6549
1511 6717
1512 3268
1512 6977
1513 2794
1513 4650
1513 7613
1514 1540
1514 1976
1514 4592
1514 4821
1514 5680
1514 6873
1514 7034
1514 8492
1515 3194
1515 8282
1515 8296
1516 99
1516 651
1516 1552
1516 6544
1516 6903
1517 2954
1517 7011
1518 1484
1518 4932
1518 5520
1518 6964
1519 1426
1519 2325
1519 6687
1520 308
1520 4078
1520 5665
1521 91
1521 1464
1521 4977
1522 32
1522 3623
1522 3931
1522 4587
1523 69
1523 2768
1524 1099
1524 1813
1524 1820
1524 2350
1524 2836
1524 4041
1524 5395
1524 6549
1524 6606
1524 6717
1524 8232
1525 360
1525 411
1525 1155
1525 1345
1525 1448
1525 2813
1525 3591
1525 3846
1525 3847
1525 3850
1525 3851
1525 4153
1525 4155
1525 4669
1525 4931
1525 4933
1525 5054
1525 5272
1525 5360
1525 5395
1525 6624
1525 7146
1525 7597
1525 7803
1525 8342
1525 8629
1525 8940
1526 6688
1526 7211
1527 1478
1527 2578
1527 5292
1527 6583
1527 7084
1528 4013
1528 5572
1529 44
1529 1483
1529 2622
1530 30
1530 447
1530 2253
1530 5700
1530 7470
1531 3528
1531 5050
1532 1188
1532 2371
1532 8270
1533 1981
1533 8909
1534 223
1534 5428
1534 7500
1534 7527
1535 2252
1535 4023
1536 491
1536 5284
1536 8766
1537 95
1537 1061
1537 2244
1537 2283
1537 2968
1537 4561
1537 4655
1537 5051
1537 5399
1537 5400
1537 5513
1537 6716
1538 617
1538 3730
1538 6273
1538 7009
1538 7523
1538 8346
1539 27
1539 1121
1539 4076
1540 32
1540 279
1540 309
1540 336
1540 337
1540 553
1540 612
1540 1107
1540 1514
1540 1915
1540 1976
1540 2373
1540 2533
1540 3257
1540 3718
1540 3763
1540 4009
1540 4623
1540 5265
1540 5290
1540 5594
1540 5680
1540 6196
1540 6261
1540 6267
1540 6308
1540 6604
1540 6660
1540 7009
1540 7034
1540 7068
1540 7503
1540 7574
1540 7623
1540 7647
1540 7781
1540 8337
1540 8347
1540 8813
1540 8940
1541 3986
1541 5288
1542 1476
1542 1981
1542 2558
1542 2576
1542 2989
1542 3725
1542 3750
1542 5061
1542 5201
1542 5613
1542 6300
1542 6743
1542 7491
1542 8612
1543 261
1543 1388
1543 3592
1543 5039
1544 145
1544 259
1544 1475
1544 1769
1544 2308
1544 4077
1544 4080
1544 5014
1544 6275
1544 6978
1544 6993
1544 7044
1544 7145
1545 1475
1545 2308
1546 1971
1546 9087
1547 2213
1547 4016
1547 4667
1547 5328
1547 6713
1547 7006
1548 1093
1548 7560
1549 2076
1549 2144
1549 3046
1549 3108
1549 4287
1549 4533
1549 5993
1549 5994
1549 6925
1549 8208
1550 1800
1550 9030
1551 445
1551 1345
1551 2633
1551 6217
1551 6645
1552 99
1552 359
1552 651
1552 1426
1552 1516
1552 5358
1552 5565
1552 6544
1552 6705
1552 6903
1552 7072
1553 1782
1553 6704
1554 4439
1554 6882
1555 945
1555 3057
1555 3468
1555 4208
1555 4848
1555 5857
1555 6032
1555 7343
1555 7366
1555 8172
1556 2202
1556 3039
1556 3172
1556 3174
1556 3491
1556 4502
1556 4837
1556 5201
1556 6036
1556 6884
1556 6885
1556 6968
1556 8108
1556 8849
1557 5318
1557 7911
1558 731
1558 6780
1559 864
1559 3122
1560 667
1560 6011
1560 7290
1561 900
1561 2667
1561 2689
1562 666
1562 3071
1562 4461
1562 5119
1562 6039
1562 8537
1563 2062
1563 2103
1563 5841
1564 3477
1564 3478
1564 3497
1564 5204
1565 5159
1565 6103
1566 1020
1566 5860
1567 974
1567 1569
1567 2681
1567 5991
1567 7359
1568 740
1568 1283
1568 4007
1568 4323
1568 4454
1568 5629
1569 974
1569 1567
1569 1733
1569 2681
1569 7359
1570 1031
1570 8052
1571 2477
1571 3063
1571 3477
1572 3015
1572 4827
1572 5103
1572 5943
1572 7317
1572 8020
1573 3974
1573 5870
1574 3342
1574 4214
1574 4843
1574 7986
1575 2690
1575 4464
1575 4479
1576 3613
1576 4464
1576 4465
1576 4515
1576 4557
1576 4756
1576 5190
1576 5941
1576 7326
1576 7901
1576 7924
1576 8033
1576 8663
1577 2723
1577 4386
1577 5795
1577 6285
1577 7277
1577 7344
1577 9004
1578 1713
1578 2528
1578 2683
1578 3020
1578 3715
1578 6301
1578 7398
1578 8087
1579 3477
1579 4755
1580 1304
1580 2064
1580 2143
1580 2723
1580 4520
1580 4521
1580 5991
1581 1707
1581 2670
1581 7405
1582 704
1582 1707
1582 2225
1582 2670
1582 2757
1582 3524
1582 6768
1582 7405
1583 7402
1583 7453
1584 4526
1584 4553
1584 4762
1585 7452
1585 8552
1586 4451
1586 4455
1586 7413
1587 1260
1587 6028
1587 7354
1587 8652
1588 3077
1588 5092
1588 5093
1589 1008
1589 1017
1589 2076
1589 3046
1589 3108
1589 6926
1589 8657
1590 2167
1590 3041
1591 2973
1591 5611
1591 7516
1591 7522
1592 720
1592 7351
1592 8107
1593 5109
1593 6372
1594 1397
1594 7515
1595 5168
1595 7442
1595 7486
1595 8336
1596 180
1596 1819
1596 3834
1597 743
1597 2723
1598 1225
1598 2446
1598 3044
1598 3391
1598 4513
1598 5161
1598 6851
1598 6853
1598 6854
1598 6916
1598 7265
1598 8079
1598 8194
1599 2109
1599 5127
1599 6939
1600 6840
1600 6946
1600 8570
1601 408
1601 8792
1602 226
1602 1313
1602 3249
1602 4993
1603 3127
1603 4716
1603 8005
1604 701
1604 1213
1604 1305
1604 1614
1604 1615
1604 1938
1604 3067
1604 4204
1604 4608
1604 4906
1604 5674
1604 5895
1604 6307
1604 6534
1604 6920
1604 7809
1604 8199
1604 8678
1604 9223
1605 692
1605 3401
1605 6157
1605 6503
1605 6859
1606 1862
1606 1864
1606 3498
1606 4206
1606 4233
1606 6174
1606 7869
1606 8080
1606 8081
1607 2173
1607 8873
1608 2173
1608 4279
1608 4311
1608 6485
1608 8873
1609 4789
1609 9219
1609 9241
1610 1305
1610 1986
1610 1989
1610 2194
1610 2491
1610 3462
1610 6314
1610 7896
1610 7983
1610 9016
1610 9242
1610 9292
1611 3037
1611 4839
1612 3355
1612 4336
1612 9060
1613 547
1613 784
1613 1305
1613 2281
1613 3462
1613 3504
1613 4751
1613 4904
1613 5936
1613 7260
1613 7637
1613 7892
1613 8079
1613 8083
1613 8427
1614 701
1614 1213
1614 1604
1614 1615
1614 3474
1614 4234
1614 4783
1614 4866
1614 5136
1614 5674
1614 5895
1614 6130
1614 6534
1614 6812
1614 7267
1614 8083
1614 8678
1615 701
1615 1213
1615 1305
1615 1604
1615 1614
1615 1637
1615 2156
1615 3342
1615 3514
1615 4317
1615 4839
1615 5674
1615 6438
1615 6534
1615 6942
1615 6960
1615 7891
1615 8079
1615 8678
1615 8796
1615 9223
1615 9242
1616 1305
1616 1688
1616 3504
1616 4236
1616 4575
1616 4903
1616 7881
1616 7892
1616 7946
1616 8198
1616 8201
1617 4346
1617 8550
1617 8980
1618 3872
1618 4380
1618 4849
1618 5272
1618 6504
1618 8069
1618 8605
1619 4294
1619 7929
1619 8694
1620 1307
1620 6055
1621 713
1621 1051
1621 6338
1621 7365
1622 4331
1622 4414
1623 3371
1623 6920
1623 8427
1623 9196
1623 9242
1624 3697
1624 7385
1625 6473
1625 8515
1626 178
1626 1246
1626 2333
1626 2412
1626 6076
1626 6635
1626 7943
1627 3472
1627 9332
1628 1693
1628 2175
1628 2679
1628 3504
1628 4790
1628 5458
1628 6058
1628 6824
1628 7950
1628 7952
1628 8265
1628 8924
1629 888
1629 2401
1629 5169
1629 6048
1629 7919
1630 888
1630 5203
1630 8554
1631 3118
1631 4841
1631 8607
1631 8924
1632 3624
1632 5957
1632 6401
1632 7863
1632 7994
1632 8013
1632 8027
1632 8979
1633 473
1633 8796
1634 4305
1634 5958
1634 8498
1635 676
1635 1297
1635 1303
1635 2679
1635 2737
1635 3000
1635 3012
1635 3357
1635 3368
1635 4322
1635 4405
1635 6040
1635 6091
1635 6855
1635 7414
1635 8129
1635 8858
1635 9018
1635 9195
1635 9200
1636 6943
1636 9287
1637 1305
1637 1615
1637 2004
1637 2201
1637 3514
1637 4839
1637 6438
1637 6942
1637 6960
1637 6961
1637 7944
1637 9016
1638 2679
1638 5089
1638 5119
1639 1297
1639 1421
1639 2401
1639 5602
1640 5171
1640 6658
1641 749
1641 954
1641 4432
1642 4221
1642 8546
1643 1038
1643 1721
1643 6074
1644 2080
1644 4315
1644 5900
1644 6830
1645 8151
1645 8582
1646 4317
1646 7295
1647 957
1647 2382
1648 733
1648 2021
1648 6158
1648 7975
1649 1202
1649 3692
1650 1411
1650 6812
1650 8997
1651 801
1651 2172
1651 3643
1651 4322
1651 5923
1652 801
1652 2172
1652 5094
1652 5923
1653 1206
1653 6074
1654 2212
1654 3657
1654 4425
1654 7259
1654 7292
1655 2422
1655 4423
1655 4855
1655 4856
1655 5915
1655 7278
1655 9022
1656 840
1656 966
1656 1309
1656 1820
1656 2127
1656 2428
1656 2510
1656 3039
1656 3467
1656 5213
1656 5934
1656 6056
1656 6173
1656 6876
1656 8149
1656 8670
1657 4864
1657 8521
1658 3464
1658 8212
1659 785
1659 3358
1660 2466
1660 3133
1660 4235
1661 735
1661 3657
1661 5213
1661 6056
1661 6074
1661 6173
1662 1234
1662 5814
1662 9044
1663 5814
1663 8085
1663 8508
1664 2692
1664 6867
1664 6926
1664 7402
1664 7453
1664 8157
1664 8860
1665 920
1665 1342
1665 3696
1665 6572
1665 7427
1665 8116
1665 9024
1666 2408
1666 3033
1666 3049
1666 3467
1666 5201
1666 8561
1667 2018
1667 5927
1667 7898
1668 3124
1668 4856
1669 1226
1669 3669
1669 4195
1669 4198
1669 4527
1669 6033
1669 6849
1669 8215
1669 8668
1670 3069
1670 4194
1670 4195
1671 2101
1671 2109
1671 3057
1671 6939
1671 8555
1672 1735
1672 3040
1672 3455
1672 4254
1672 4501
1672 8554
1673 948
1673 3632
1674 4278
1674 8100
1675 666
1675 6484
1675 8140
1676 1004
1676 1299
1676 6339
1676 7358
1676 7359
1677 1249
1677 3032
1677 4468
1677 4481
1677 6007
1677 6833
1678 2399
1678 7279
1679 1735
1679 3458
1679 4406
1679 4419
1679 4798
1679 5114
1679 6057
1679 6378
1680 3015
1680 4200
1680 4317
1680 6044
1680 6136
1680 6820
1680 6821
1680 8105
1681 1297
1681 7876
1682 1715
1682 2389
1682 9053
1683 656
1683 2049
1683 3651
1683 6887
1684 814
1684 3035
1685 1272
1685 3481
1685 7216
1686 1272
1686 3487
1686 4347
1686 6931
1686 8115
1687 6831
1687 6890
1688 1616
1688 2528
1688 3474
1688 3502
1688 4236
1688 4309
1688 4440
1688 7881
1688 7882
1688 7946
1689 3474
1689 3502
1690 1985
1690 4204
1690 4901
1690 8983
1691 7405
1691 9217
1692 3417
1692 4767
1692 4823
1692 5948
1692 8197
1692 8452
1692 8487
1692 8564
1693 1628
1693 2679
1693 3504
1693 4296
1694 1140
1694 2199
1694 4442
1694 8078
1695 1698
1695 4996
1696 7339
1696 7876
1697 2731
1697 3101
1697 3480
1697 6969
1697 8969
1697 8971
1698 1695
1698 4996
1699 4873
1699 6040
1699 6347
1699 6787
1699 7339
1699 7876
1699 7897
1700 1072
1700 4340
1700 6368
1701 1724
1701 5843
1701 7405
1702 5495
1702 5621
1702 6906
1702 7003
1702 7166
1702 7528
1702 7680
1703 6803
1703 7408
1704 774
1704 794
1704 860
1704 916
1704 922
1704 2050
1704 2087
1704 2455
1704 4532
1704 5906
1704 7277
1704 8490
1704 8588
1705 3371
1705 6056
1706 4285
1706 5777
1706 6083
1707 1581
1707 1582
1707 2670
1707 4466
1707 5854
1707 5996
1707 6939
1707 7405
1707 7414
1708 2013
1708 4490
1708 8646
1709 717
1709 5825
1710 814
1710 1215
1710 5831
1710 6073
1710 7895
1711 485
1711 717
1711 814
1711 3411
1711 3690
1711 7285
1712 4507
1712 6047
1712 6085
1712 7392
1712 7997
1713 1578
1713 3020
1714 871
1714 1732
1714 3806
1714 4457
1714 5748
1714 5814
1715 1682
1715 9053
1716 808
1716 821
1716 845
1716 865
1716 2052
1716 2188
1716 2462
1716 4499
1716 4820
1716 5102
1716 5153
1716 6091
1716 6346
1716 6351
1716 6842
1716 6880
1716 6916
1716 7295
1716 7368
1716 7369
1716 7402
1716 7989
1716 8047
1716 8062
1716 8546
1717 819
1717 848
1717 1031
1717 2494
1717 6343
1717 7258
1718 844
1718 2033
1718 2430
1718 8048
1719 3127
1719 4716
1719 8005
1720 267
1720 4839
1720 6357
1720 6805
1720 6829
1720 7338
1721 1643
1721 6044
1721 6074
1721 6366
1721 6832
1722 675
1722 6044
1723 7411
1723 8503
1724 1012
1724 1701
1724 2419
1724 8124
1725 3052
1725 3083
1726 2058
1726 8514
1726 8600
1727 849
1727 2198
1728 1275
1728 2198
1728 5834
1728 8506
1729 815
1729 872
1729 2151
1729 2419
1729 2665
1729 3073
1729 3640
1729 3656
1729 3691
1729 4184
1729 4230
1729 5189
1729 5870
1729 6653
1729 6773
1729 7290
1729 7331
1729 7975
1729 8071
1730 2462
1730 4237
1730 4399
1730 6123
1731 2494
1731 6343
1732 871
1732 1714
1732 4457
1732 5814
1732 6030
1732 7328
1732 7415
1733 1569
1733 5839
1733 7359
1734 2007
1734 2024
1734 2145
1734 4880
1735 865
1735 1672
1735 1679
1735 2008
1735 3103
1735 3424
1735 3455
1735 4419
1735 4456
1735 4501
1735 5154
1735 5155
1735 5940
1735 6057
1735 6066
1735 6346
1735 7380
1735 8554
1735 8555
1735 9010
1735 9011
1735 9012
1735 9176
1735 9283
1736 736
1736 808
1736 815
1736 823
1736 885
1736 1032
1736 1038
1736 1205
1736 1268
1736 1297
1736 2089
1736 2118
1736 2401
1736 3424
1736 3974
1736 4787
1736 4823
1736 5870
1736 6046
1736 6123
1736 6324
1736 6814
1736 7284
1736 7362
1736 7957
1736 7972
1736 7989
1736 7999
1736 8893
1736 9343
1737 676
1737 2706
1738 727
1738 821
1738 921
1738 2124
1738 3651
1738 4375
1738 4507
1738 4508
1738 4514
1738 4515
1738 4869
1738 6516
1738 7725
1738 9000
1739 2384
1739 4238
1740 355
1740 1069
1740 1199
1740 7804
1740 8911
1741 1128
1741 1799
1741 4095
1741 4973
1741 5571
1741 6067
1741 8693
1741 8750
1741 9298
1742 4073
1742 4980
1742 5345
1742 5663
1742 6637
1743 7545
1743 8716
1744 1379
1744 4042
1745 255
1745 5438
1745 5539
1745 8736
1746 1783
1746 1799
1746 2783
1746 4973
1746 9298
1747 2
1747 434
1747 552
1747 553
1747 612
1747 2304
1747 2955
1747 3713
1747 3763
1747 3988
1747 4143
1747 4646
1747 5069
1747 5073
1747 5549
1747 6545
1747 7009
1747 7482
1747 7506
1747 8734
1748 5356
1748 7058
1748 7728
1749 339
1749 590
1749 2279
1749 8686
1749 8790
1750 5012
1750 5078
1751 1875
1751 6445
1752 224
1752 6903
1752 7088
1752 8352
1752 8552
1753 2754
1753 3750
1753 4118
1753 6991
1754 5016
1754 5567
1755 2355
1755 6714
1756 17
1756 299
1756 638
1756 1975
1756 4992
1756 5295
1756 5585
1756 5680
1756 6582
1756 6584
1756 6730
1757 6669
1757 7061
1758 120
1758 530
1758 1068
1758 1357
1758 1869
1758 2237
1758 2336
1758 2527
1758 3730
1758 4988
1758 5286
1758 5529
1758 5652
1758 6729
1758 6904
1758 7179
1758 8360
1758 8805
1759 3777
1759 6654
1759 8795
1760 1483
1760 1883
1760 2261
1760 2589
1760 3518
1761 408
1761 3519
1761 3870
1761 4034
1761 4279
1761 7247
1762 319
1762 3816
1762 4638
1763 3596
1763 8722
1764 418
1764 2559
1764 4925
1764 7488
1764 8730
1765 374
1765 2757
1765 4977
1766 2921
1766 4595
1766 7533
1767 355
1767 2966
1767 7804
1767 8911
1768 1941
1768 2760
1769 259
1769 370
1769 510
1769 1076
1769 1115
1769 1316
1769 1544
1769 2363
1769 2508
1769 2601
1769 3154
1769 3966
1769 4018
1769 4077
1769 4080
1769 5014
1769 5261
1769 5506
1769 5738
1769 7044
1769 7091
1769 7145
1769 8697
1769 8701
1769 8766
1769 8928
1770 563
1770 2559
1770 2960
1771 2268
1771 3247
1771 4009
1771 4682
1772 337
1772 338
1772 1128
1772 1943
1772 2512
1772 2544
1772 4171
1772 5286
1772 5401
1772 6416
1772 6658
1772 8504
1772 8681
1772 8800
1772 9309
1773 5080
1773 5663
1773 7842
1773 8411
1773 8783
1774 182
1774 356
1774 1369
1774 1498
1774 1805
1774 6626
1775 341
1775 583
1775 5616
1775 7632
1775 8338
1776 3730
1776 3942
1776 4094
1776 9142
1777 540
1777 1373
1777 1779
1777 1792
1777 1980
1777 2539
1777 2579
1777 3214
1777 3326
1777 3742
1777 3832
1777 4049
1777 4112
1777 5353
1777 5667
1777 6728
1777 7081
1777 7356
1777 7659
1777 7722
1777 7746
1777 7859
1778 177
1778 1138
1778 1189
1778 8637
1779 1777
1779 1980
1779 7081
1780 121
1780 3275
1780 4040
1780 5450
1780 6646
1781 2640
1781 2899
1781 3817
1781 7533
1782 246
1782 1453
1782 1553
1782 2259
1782 2263
1782 2511
1782 2861
1782 2900
1782 4585
1782 6704
1783 283
1783 1746
1783 2783
1783 4098
1783 4107
1783 4973
1783 5570
1783 8361
1783 9298
1784 4003
1784 5512
1785 102
1785 1475
1785 3731
1785 8948
1786 2511
1786 6198
1787 1820
1787 2566
1787 5490
1787 7133
1788 3771
1788 7166
1789 1191
1789 2201
1789 5341
1789 7002
1789 7091
1790 3150
1790 6667
1791 72
1791 2904
1792 1777
1792 3214
1792 3742
1792 4615
1792 7081
1792 7722
1793 2599
1793 4977
1794 637
1794 653
1794 2217
1794 2218
1794 2307
1794 2755
1794 3901
1794 4612
1794 4864
1794 5037
1794 5193
1794 5312
1794 5862
1794 6340
1794 6603
1795 4158
1795 7067
1796 4116
1796 7824
1797 7015
1797 7063
1797 7512
1798 3306
1798 4713
1798 5578
1798 5632
1798 7724
1798 8724
1799 1128
1799 1741
1799 1746
1799 4095
1799 4973
1799 5571
1799 9298
1800 1550
1800 9030
1801 645
1801 3882
1802 8750
1802 8830
1803 7001
1803 7475
1804 3302
1804 4600
1804 5710
1804 8714
1804 8834
1805 182
1805 1369
1805 1774
1806 6
1806 158
1806 3727
1806 4014
1806 4926
1806 5280
1806 7231
1807 2558
1807 3993
1807 6300
1808 1484
1808 2611
1809 4125
1809 4919
1810 1324
1810 1408
1810 4261
1810 6556
1811 638
1811 1390
1811 2798
1811 4995
1811 5216
1811 5296
1811 6584
1811 6664
1811 6738
1812 378
1812 519
1812 2330
1812 2621
1812 2900
1812 2927
1812 5674
1812 6726
1813 1524
1813 5389
1813 5395
1813 6606
1814 639
1814 705
1814 7658
1814 8731
1815 519
1815 4720
1815 7480
1816 186
1816 1353
1817 644
1817 2856
1817 3863
1817 8734
1818 1071
1818 1492
1818 1497
1818 1936
1818 3260
1819 180
1819 1314
1819 1393
1819 1443
1819 1453
1819 1596
1819 2332
1819 2342
1819 2358
1819 3834
1819 4978
1819 5033
1819 5269
1819 5319
1819 5617
1819 7446
1819 7724
1819 8724
1820 493
1820 1031
1820 1524
1820 1656
1820 1787
1820 2510
1820 2566
1820 2641
1820 3523
1820 3592
1820 3781
1820 3849
1820 4663
1820 4943
1820 5490
1820 8321
1820 8685
1820 8725
1821 1464
1821 2267
1821 2356
1821 7625
1822 1318
1822 1321
1822 4946
1822 7724
1822 8724
1823 3311
1823 3335
1823 8954
1823 9109
1824 2891
1824 7765
1825 381
1825 3730
1825 5329
1826 387
1826 5027
1826 7049
1827 553
1827 7482
1828 292
1828 528
1828 2231
1828 8617
1829 2760
1829 2823
1830 4035
1830 4113
1831 2788
1831 2886
1831 6985
1831 7013
1832 1433
1832 3165
1833 227
1833 2557
1833 5237
1833 6970
1834 1083
1834 2618
1835 1844
1835 1964
1835 1967
1835 6578
1835 8938
1836 3817
1836 7125
1836 7243
1837 1243
1837 9294
1838 2259
1838 2511
1838 2938
1839 115
1839 1896
1840 2248
1840 2459
1840 3563
1840 3569
1841 478
1841 3708
1841 3714
1841 3715
1841 5041
1841 5221
1841 5630
1841 6444
1841 6453
1842 120
1842 1068
1842 1132
1842 1146
1842 1159
1842 1920
1842 1974
1842 2504
